2701

-2 1.5
-0.494975 0.0707107
2.07556

-2 1.5
-0.497362 -0.0512963
2.15973

-2 1.5
-0.470123 -0.170248
2.26501

-2 1.5
-0.414881 -0.279058
2.38278

-2 1.5
-0.334927 -0.371247
2.5048

-2 1.5
-0.235022 -0.441321
-1

-2 1.5
-0.121118 -0.485109
-1

-2 1.5
0 -0.5
-1

-2 1.5
2 -0.5
-1

-2 1.5
2.07875 -0.493759
-1

-2 1.5
2.15554 -0.475192
-1

-2 1.5
2.22844 -0.444762
-1

-2 1.5
2.29564 -0.40323
-1

-2 1.5
2.35547 -0.351631
-1

-2 1.5
2.40641 -0.291254
-1

-2 1.5
2.44721 -0.223607
-1

-2 1.5
3.44721 1.77639
-1

-2 1.5
3.46103 1.80648
-1

-2 1.5
3.47283 1.83742
-1

-2 1.5
3.48255 1.86907
-1

-2 1.5
3.49016 1.9013
-1

-2 1.5
3.49562 1.93396
-1

-2 1.5
3.4989 1.96691
-1

-2 1.5
3.5 2
-1

-2 1.5
3.5 3
-1

-2 1.5
3.49376 3.07875
-1

-2 1.5
3.47519 3.15554
-1

-2 1.5
3.44476 3.22844
-1

-2 1.5
3.40323 3.29564
-1

-2 1.5
3.35163 3.35547
-1

-2 1.5
3.29125 3.40641
-1

-2 1.5
3.22361 3.44721
-1

-2 1.5
1.22361 4.44721
-1

-2 1.5
1.14068 4.4798
-1

-2 1.5
1.05329 4.49715
-1

-2 1.5
0.964202 4.49872
-1

-2 1.5
0.876253 4.48444
-1

-2 1.5
0.792234 4.45479
-1

-2 1.5
0.714812 4.41069
-1

-2 1.5
0.646447 4.35355
-1

-2 1.5
0.146447 3.85355
-1

-2 1.5
0.115484 3.8196
3.1394

-2 1.5
0.0877677 3.78296
3.09365

-2 1.5
0.0635331 3.74392
3.0485

-2 1.5
0.0429844 3.70282
3.00437

-2 1.5
0.0262952 3.66001
2.96168

-2 1.5
0.0136065 3.61585
2.92086

-2 1.5
0.00502525 3.57071
2.88235

-2 1.5
3.55279 1.22361
-1

-2 1.5
3.50475 1.06879
-1

-2 1.5
3.50877 0.906741
-1

-2 1.5
3.56442 0.754495
-1

-2 1.5
3.66585 0.628053
-1

-2 1.5
3.8024 0.540702
-1

-2 1.5
3.95972 0.501625
-1

-2 1.5
4.12127 0.514929
-1

-2 1.5
6.12127 1.01493
-1

-2 1.5
6.24774 1.06569
-1

-2 1.5
6.3558 1.14871
-1

-2 1.5
6.43744 1.25783
-1

-2 1.5
6.48658 1.38494
-1

-2 1.5
6.49958 1.52059
-1

-2 1.5
6.47546 1.65472
-1

-2 1.5
6.41603 1.77735
-1

-2 1.5
5.41603 3.27735
-1

-2 1.5
5.31604 3.38745
-1

-2 1.5
5.18809 3.46327
-1

-2 1.5
5.0435 3.4981
-1

-2 1.5
4.89506 3.48886
-1

-2 1.5
4.7559 3.43637
-1

-2 1.5
4.63834 3.34526
-1

-2 1.5
4.55279 3.22361
-1

-2 1.5
8 2.5
-1

-0.494975 0.0707107
-0.497362 -0.0512963
0.12203

-0.494975 0.0707107
-0.470123 -0.170248
-1

-0.494975 0.0707107
-0.414881 -0.279058
-1

-0.494975 0.0707107
-0.334927 -0.371247
-1

-0.494975 0.0707107
-0.235022 -0.441321
-1

-0.494975 0.0707107
-0.121118 -0.485109
-1

-0.494975 0.0707107
0 -0.5
-1

-0.494975 0.0707107
2 -0.5
-1

-0.494975 0.0707107
2.07875 -0.493759
-1

-0.494975 0.0707107
2.15554 -0.475192
-1

-0.494975 0.0707107
2.22844 -0.444762
-1

-0.494975 0.0707107
2.29564 -0.40323
-1

-0.494975 0.0707107
2.35547 -0.351631
-1

-0.494975 0.0707107
2.40641 -0.291254
-1

-0.494975 0.0707107
2.44721 -0.223607
-1

-0.494975 0.0707107
3.44721 1.77639
-1

-0.494975 0.0707107
3.46103 1.80648
-1

-0.494975 0.0707107
3.47283 1.83742
-1

-0.494975 0.0707107
3.48255 1.86907
-1

-0.494975 0.0707107
3.49016 1.9013
-1

-0.494975 0.0707107
3.49562 1.93396
-1

-0.494975 0.0707107
3.4989 1.96691
-1

-0.494975 0.0707107
3.5 2
-1

-0.494975 0.0707107
3.5 3
-1

-0.494975 0.0707107
3.49376 3.07875
-1

-0.494975 0.0707107
3.47519 3.15554
-1

-0.494975 0.0707107
3.44476 3.22844
-1

-0.494975 0.0707107
3.40323 3.29564
-1

-0.494975 0.0707107
3.35163 3.35547
-1

-0.494975 0.0707107
3.29125 3.40641
-1

-0.494975 0.0707107
3.22361 3.44721
-1

-0.494975 0.0707107
1.22361 4.44721
-1

-0.494975 0.0707107
1.14068 4.4798
-1

-0.494975 0.0707107
1.05329 4.49715
-1

-0.494975 0.0707107
0.964202 4.49872
-1

-0.494975 0.0707107
0.876253 4.48444
-1

-0.494975 0.0707107
0.792234 4.45479
-1

-0.494975 0.0707107
0.714812 4.41069
-1

-0.494975 0.0707107
0.646447 4.35355
-1

-0.494975 0.0707107
0.146447 3.85355
-1

-0.494975 0.0707107
0.115484 3.8196
-1

-0.494975 0.0707107
0.0877677 3.78296
-1

-0.494975 0.0707107
0.0635331 3.74392
-1

-0.494975 0.0707107
0.0429844 3.70282
-1

-0.494975 0.0707107
0.0262952 3.66001
-1

-0.494975 0.0707107
0.0136065 3.61585
-1

-0.494975 0.0707107
0.00502525 3.57071
3.53553

-0.494975 0.0707107
3.55279 1.22361
-1

-0.494975 0.0707107
3.50475 1.06879
-1

-0.494975 0.0707107
3.50877 0.906741
-1

-0.494975 0.0707107
3.56442 0.754495
-1

-0.494975 0.0707107
3.66585 0.628053
-1

-0.494975 0.0707107
3.8024 0.540702
-1

-0.494975 0.0707107
3.95972 0.501625
-1

-0.494975 0.0707107
4.12127 0.514929
-1

-0.494975 0.0707107
6.12127 1.01493
-1

-0.494975 0.0707107
6.24774 1.06569
-1

-0.494975 0.0707107
6.3558 1.14871
-1

-0.494975 0.0707107
6.43744 1.25783
-1

-0.494975 0.0707107
6.48658 1.38494
-1

-0.494975 0.0707107
6.49958 1.52059
-1

-0.494975 0.0707107
6.47546 1.65472
-1

-0.494975 0.0707107
6.41603 1.77735
-1

-0.494975 0.0707107
5.41603 3.27735
-1

-0.494975 0.0707107
5.31604 3.38745
-1

-0.494975 0.0707107
5.18809 3.46327
-1

-0.494975 0.0707107
5.0435 3.4981
-1

-0.494975 0.0707107
4.89506 3.48886
-1

-0.494975 0.0707107
4.7559 3.43637
-1

-0.494975 0.0707107
4.63834 3.34526
-1

-0.494975 0.0707107
4.55279 3.22361
-1

-0.494975 0.0707107
8 2.5
-1

-0.497362 -0.0512963
-0.470123 -0.170248
0.12203

-0.497362 -0.0512963
-0.414881 -0.279058
-1

-0.497362 -0.0512963
-0.334927 -0.371247
-1

-0.497362 -0.0512963
-0.235022 -0.441321
-1

-0.497362 -0.0512963
-0.121118 -0.485109
-1

-0.497362 -0.0512963
0 -0.5
-1

-0.497362 -0.0512963
2 -0.5
-1

-0.497362 -0.0512963
2.07875 -0.493759
-1

-0.497362 -0.0512963
2.15554 -0.475192
-1

-0.497362 -0.0512963
2.22844 -0.444762
-1

-0.497362 -0.0512963
2.29564 -0.40323
-1

-0.497362 -0.0512963
2.35547 -0.351631
-1

-0.497362 -0.0512963
2.40641 -0.291254
-1

-0.497362 -0.0512963
2.44721 -0.223607
-1

-0.497362 -0.0512963
3.44721 1.77639
-1

-0.497362 -0.0512963
3.46103 1.80648
-1

-0.497362 -0.0512963
3.47283 1.83742
-1

-0.497362 -0.0512963
3.48255 1.86907
-1

-0.497362 -0.0512963
3.49016 1.9013
-1

-0.497362 -0.0512963
3.49562 1.93396
-1

-0.497362 -0.0512963
3.4989 1.96691
-1

-0.497362 -0.0512963
3.5 2
-1

-0.497362 -0.0512963
3.5 3
-1

-0.497362 -0.0512963
3.49376 3.07875
-1

-0.497362 -0.0512963
3.47519 3.15554
-1

-0.497362 -0.0512963
3.44476 3.22844
-1

-0.497362 -0.0512963
3.40323 3.29564
-1

-0.497362 -0.0512963
3.35163 3.35547
-1

-0.497362 -0.0512963
3.29125 3.40641
-1

-0.497362 -0.0512963
3.22361 3.44721
-1

-0.497362 -0.0512963
1.22361 4.44721
-1

-0.497362 -0.0512963
1.14068 4.4798
-1

-0.497362 -0.0512963
1.05329 4.49715
-1

-0.497362 -0.0512963
0.964202 4.49872
-1

-0.497362 -0.0512963
0.876253 4.48444
-1

-0.497362 -0.0512963
0.792234 4.45479
-1

-0.497362 -0.0512963
0.714812 4.41069
-1

-0.497362 -0.0512963
0.646447 4.35355
-1

-0.497362 -0.0512963
0.146447 3.85355
-1

-0.497362 -0.0512963
0.115484 3.8196
-1

-0.497362 -0.0512963
0.0877677 3.78296
-1

-0.497362 -0.0512963
0.0635331 3.74392
-1

-0.497362 -0.0512963
0.0429844 3.70282
-1

-0.497362 -0.0512963
0.0262952 3.66001
-1

-0.497362 -0.0512963
0.0136065 3.61585
-1

-0.497362 -0.0512963
0.00502525 3.57071
-1

-0.497362 -0.0512963
3.55279 1.22361
-1

-0.497362 -0.0512963
3.50475 1.06879
-1

-0.497362 -0.0512963
3.50877 0.906741
-1

-0.497362 -0.0512963
3.56442 0.754495
-1

-0.497362 -0.0512963
3.66585 0.628053
-1

-0.497362 -0.0512963
3.8024 0.540702
-1

-0.497362 -0.0512963
3.95972 0.501625
-1

-0.497362 -0.0512963
4.12127 0.514929
-1

-0.497362 -0.0512963
6.12127 1.01493
-1

-0.497362 -0.0512963
6.24774 1.06569
-1

-0.497362 -0.0512963
6.3558 1.14871
-1

-0.497362 -0.0512963
6.43744 1.25783
-1

-0.497362 -0.0512963
6.48658 1.38494
-1

-0.497362 -0.0512963
6.49958 1.52059
-1

-0.497362 -0.0512963
6.47546 1.65472
-1

-0.497362 -0.0512963
6.41603 1.77735
-1

-0.497362 -0.0512963
5.41603 3.27735
-1

-0.497362 -0.0512963
5.31604 3.38745
-1

-0.497362 -0.0512963
5.18809 3.46327
-1

-0.497362 -0.0512963
5.0435 3.4981
-1

-0.497362 -0.0512963
4.89506 3.48886
-1

-0.497362 -0.0512963
4.7559 3.43637
-1

-0.497362 -0.0512963
4.63834 3.34526
-1

-0.497362 -0.0512963
4.55279 3.22361
-1

-0.497362 -0.0512963
8 2.5
-1

-0.470123 -0.170248
-0.414881 -0.279058
0.12203

-0.470123 -0.170248
-0.334927 -0.371247
-1

-0.470123 -0.170248
-0.235022 -0.441321
-1

-0.470123 -0.170248
-0.121118 -0.485109
-1

-0.470123 -0.170248
0 -0.5
-1

-0.470123 -0.170248
2 -0.5
-1

-0.470123 -0.170248
2.07875 -0.493759
-1

-0.470123 -0.170248
2.15554 -0.475192
-1

-0.470123 -0.170248
2.22844 -0.444762
-1

-0.470123 -0.170248
2.29564 -0.40323
-1

-0.470123 -0.170248
2.35547 -0.351631
-1

-0.470123 -0.170248
2.40641 -0.291254
-1

-0.470123 -0.170248
2.44721 -0.223607
-1

-0.470123 -0.170248
3.44721 1.77639
-1

-0.470123 -0.170248
3.46103 1.80648
-1

-0.470123 -0.170248
3.47283 1.83742
-1

-0.470123 -0.170248
3.48255 1.86907
-1

-0.470123 -0.170248
3.49016 1.9013
-1

-0.470123 -0.170248
3.49562 1.93396
-1

-0.470123 -0.170248
3.4989 1.96691
-1

-0.470123 -0.170248
3.5 2
-1

-0.470123 -0.170248
3.5 3
-1

-0.470123 -0.170248
3.49376 3.07875
-1

-0.470123 -0.170248
3.47519 3.15554
-1

-0.470123 -0.170248
3.44476 3.22844
-1

-0.470123 -0.170248
3.40323 3.29564
-1

-0.470123 -0.170248
3.35163 3.35547
-1

-0.470123 -0.170248
3.29125 3.40641
-1

-0.470123 -0.170248
3.22361 3.44721
-1

-0.470123 -0.170248
1.22361 4.44721
-1

-0.470123 -0.170248
1.14068 4.4798
-1

-0.470123 -0.170248
1.05329 4.49715
-1

-0.470123 -0.170248
0.964202 4.49872
-1

-0.470123 -0.170248
0.876253 4.48444
-1

-0.470123 -0.170248
0.792234 4.45479
-1

-0.470123 -0.170248
0.714812 4.41069
-1

-0.470123 -0.170248
0.646447 4.35355
-1

-0.470123 -0.170248
0.146447 3.85355
-1

-0.470123 -0.170248
0.115484 3.8196
-1

-0.470123 -0.170248
0.0877677 3.78296
-1

-0.470123 -0.170248
0.0635331 3.74392
-1

-0.470123 -0.170248
0.0429844 3.70282
-1

-0.470123 -0.170248
0.0262952 3.66001
-1

-0.470123 -0.170248
0.0136065 3.61585
-1

-0.470123 -0.170248
0.00502525 3.57071
-1

-0.470123 -0.170248
3.55279 1.22361
-1

-0.470123 -0.170248
3.50475 1.06879
-1

-0.470123 -0.170248
3.50877 0.906741
-1

-0.470123 -0.170248
3.56442 0.754495
-1

-0.470123 -0.170248
3.66585 0.628053
-1

-0.470123 -0.170248
3.8024 0.540702
-1

-0.470123 -0.170248
3.95972 0.501625
-1

-0.470123 -0.170248
4.12127 0.514929
-1

-0.470123 -0.170248
6.12127 1.01493
-1

-0.470123 -0.170248
6.24774 1.06569
-1

-0.470123 -0.170248
6.3558 1.14871
-1

-0.470123 -0.170248
6.43744 1.25783
-1

-0.470123 -0.170248
6.48658 1.38494
-1

-0.470123 -0.170248
6.49958 1.52059
-1

-0.470123 -0.170248
6.47546 1.65472
-1

-0.470123 -0.170248
6.41603 1.77735
-1

-0.470123 -0.170248
5.41603 3.27735
-1

-0.470123 -0.170248
5.31604 3.38745
-1

-0.470123 -0.170248
5.18809 3.46327
-1

-0.470123 -0.170248
5.0435 3.4981
-1

-0.470123 -0.170248
4.89506 3.48886
-1

-0.470123 -0.170248
4.7559 3.43637
-1

-0.470123 -0.170248
4.63834 3.34526
-1

-0.470123 -0.170248
4.55279 3.22361
-1

-0.470123 -0.170248
8 2.5
-1

-0.414881 -0.279058
-0.334927 -0.371247
0.12203

-0.414881 -0.279058
-0.235022 -0.441321
-1

-0.414881 -0.279058
-0.121118 -0.485109
-1

-0.414881 -0.279058
0 -0.5
-1

-0.414881 -0.279058
2 -0.5
-1

-0.414881 -0.279058
2.07875 -0.493759
-1

-0.414881 -0.279058
2.15554 -0.475192
-1

-0.414881 -0.279058
2.22844 -0.444762
-1

-0.414881 -0.279058
2.29564 -0.40323
-1

-0.414881 -0.279058
2.35547 -0.351631
-1

-0.414881 -0.279058
2.40641 -0.291254
-1

-0.414881 -0.279058
2.44721 -0.223607
-1

-0.414881 -0.279058
3.44721 1.77639
-1

-0.414881 -0.279058
3.46103 1.80648
-1

-0.414881 -0.279058
3.47283 1.83742
-1

-0.414881 -0.279058
3.48255 1.86907
-1

-0.414881 -0.279058
3.49016 1.9013
-1

-0.414881 -0.279058
3.49562 1.93396
-1

-0.414881 -0.279058
3.4989 1.96691
-1

-0.414881 -0.279058
3.5 2
-1

-0.414881 -0.279058
3.5 3
-1

-0.414881 -0.279058
3.49376 3.07875
-1

-0.414881 -0.279058
3.47519 3.15554
-1

-0.414881 -0.279058
3.44476 3.22844
-1

-0.414881 -0.279058
3.40323 3.29564
-1

-0.414881 -0.279058
3.35163 3.35547
-1

-0.414881 -0.279058
3.29125 3.40641
-1

-0.414881 -0.279058
3.22361 3.44721
-1

-0.414881 -0.279058
1.22361 4.44721
-1

-0.414881 -0.279058
1.14068 4.4798
-1

-0.414881 -0.279058
1.05329 4.49715
-1

-0.414881 -0.279058
0.964202 4.49872
-1

-0.414881 -0.279058
0.876253 4.48444
-1

-0.414881 -0.279058
0.792234 4.45479
-1

-0.414881 -0.279058
0.714812 4.41069
-1

-0.414881 -0.279058
0.646447 4.35355
-1

-0.414881 -0.279058
0.146447 3.85355
-1

-0.414881 -0.279058
0.115484 3.8196
-1

-0.414881 -0.279058
0.0877677 3.78296
-1

-0.414881 -0.279058
0.0635331 3.74392
-1

-0.414881 -0.279058
0.0429844 3.70282
-1

-0.414881 -0.279058
0.0262952 3.66001
-1

-0.414881 -0.279058
0.0136065 3.61585
-1

-0.414881 -0.279058
0.00502525 3.57071
-1

-0.414881 -0.279058
3.55279 1.22361
-1

-0.414881 -0.279058
3.50475 1.06879
-1

-0.414881 -0.279058
3.50877 0.906741
-1

-0.414881 -0.279058
3.56442 0.754495
-1

-0.414881 -0.279058
3.66585 0.628053
-1

-0.414881 -0.279058
3.8024 0.540702
-1

-0.414881 -0.279058
3.95972 0.501625
-1

-0.414881 -0.279058
4.12127 0.514929
-1

-0.414881 -0.279058
6.12127 1.01493
-1

-0.414881 -0.279058
6.24774 1.06569
-1

-0.414881 -0.279058
6.3558 1.14871
-1

-0.414881 -0.279058
6.43744 1.25783
-1

-0.414881 -0.279058
6.48658 1.38494
-1

-0.414881 -0.279058
6.49958 1.52059
-1

-0.414881 -0.279058
6.47546 1.65472
-1

-0.414881 -0.279058
6.41603 1.77735
-1

-0.414881 -0.279058
5.41603 3.27735
-1

-0.414881 -0.279058
5.31604 3.38745
-1

-0.414881 -0.279058
5.18809 3.46327
-1

-0.414881 -0.279058
5.0435 3.4981
-1

-0.414881 -0.279058
4.89506 3.48886
-1

-0.414881 -0.279058
4.7559 3.43637
-1

-0.414881 -0.279058
4.63834 3.34526
-1

-0.414881 -0.279058
4.55279 3.22361
-1

-0.414881 -0.279058
8 2.5
-1

-0.334927 -0.371247
-0.235022 -0.441321
0.12203

-0.334927 -0.371247
-0.121118 -0.485109
-1

-0.334927 -0.371247
0 -0.5
-1

-0.334927 -0.371247
2 -0.5
-1

-0.334927 -0.371247
2.07875 -0.493759
-1

-0.334927 -0.371247
2.15554 -0.475192
-1

-0.334927 -0.371247
2.22844 -0.444762
-1

-0.334927 -0.371247
2.29564 -0.40323
-1

-0.334927 -0.371247
2.35547 -0.351631
-1

-0.334927 -0.371247
2.40641 -0.291254
-1

-0.334927 -0.371247
2.44721 -0.223607
-1

-0.334927 -0.371247
3.44721 1.77639
-1

-0.334927 -0.371247
3.46103 1.80648
-1

-0.334927 -0.371247
3.47283 1.83742
-1

-0.334927 -0.371247
3.48255 1.86907
-1

-0.334927 -0.371247
3.49016 1.9013
-1

-0.334927 -0.371247
3.49562 1.93396
-1

-0.334927 -0.371247
3.4989 1.96691
-1

-0.334927 -0.371247
3.5 2
-1

-0.334927 -0.371247
3.5 3
-1

-0.334927 -0.371247
3.49376 3.07875
-1

-0.334927 -0.371247
3.47519 3.15554
-1

-0.334927 -0.371247
3.44476 3.22844
-1

-0.334927 -0.371247
3.40323 3.29564
-1

-0.334927 -0.371247
3.35163 3.35547
-1

-0.334927 -0.371247
3.29125 3.40641
-1

-0.334927 -0.371247
3.22361 3.44721
-1

-0.334927 -0.371247
1.22361 4.44721
-1

-0.334927 -0.371247
1.14068 4.4798
-1

-0.334927 -0.371247
1.05329 4.49715
-1

-0.334927 -0.371247
0.964202 4.49872
-1

-0.334927 -0.371247
0.876253 4.48444
-1

-0.334927 -0.371247
0.792234 4.45479
-1

-0.334927 -0.371247
0.714812 4.41069
-1

-0.334927 -0.371247
0.646447 4.35355
-1

-0.334927 -0.371247
0.146447 3.85355
-1

-0.334927 -0.371247
0.115484 3.8196
-1

-0.334927 -0.371247
0.0877677 3.78296
-1

-0.334927 -0.371247
0.0635331 3.74392
-1

-0.334927 -0.371247
0.0429844 3.70282
-1

-0.334927 -0.371247
0.0262952 3.66001
-1

-0.334927 -0.371247
0.0136065 3.61585
-1

-0.334927 -0.371247
0.00502525 3.57071
-1

-0.334927 -0.371247
3.55279 1.22361
-1

-0.334927 -0.371247
3.50475 1.06879
-1

-0.334927 -0.371247
3.50877 0.906741
-1

-0.334927 -0.371247
3.56442 0.754495
-1

-0.334927 -0.371247
3.66585 0.628053
-1

-0.334927 -0.371247
3.8024 0.540702
-1

-0.334927 -0.371247
3.95972 0.501625
-1

-0.334927 -0.371247
4.12127 0.514929
-1

-0.334927 -0.371247
6.12127 1.01493
-1

-0.334927 -0.371247
6.24774 1.06569
-1

-0.334927 -0.371247
6.3558 1.14871
-1

-0.334927 -0.371247
6.43744 1.25783
-1

-0.334927 -0.371247
6.48658 1.38494
-1

-0.334927 -0.371247
6.49958 1.52059
-1

-0.334927 -0.371247
6.47546 1.65472
-1

-0.334927 -0.371247
6.41603 1.77735
-1

-0.334927 -0.371247
5.41603 3.27735
-1

-0.334927 -0.371247
5.31604 3.38745
-1

-0.334927 -0.371247
5.18809 3.46327
-1

-0.334927 -0.371247
5.0435 3.4981
-1

-0.334927 -0.371247
4.89506 3.48886
-1

-0.334927 -0.371247
4.7559 3.43637
-1

-0.334927 -0.371247
4.63834 3.34526
-1

-0.334927 -0.371247
4.55279 3.22361
-1

-0.334927 -0.371247
8 2.5
-1

-0.235022 -0.441321
-0.121118 -0.485109
0.12203

-0.235022 -0.441321
0 -0.5
-1

-0.235022 -0.441321
2 -0.5
-1

-0.235022 -0.441321
2.07875 -0.493759
-1

-0.235022 -0.441321
2.15554 -0.475192
-1

-0.235022 -0.441321
2.22844 -0.444762
-1

-0.235022 -0.441321
2.29564 -0.40323
-1

-0.235022 -0.441321
2.35547 -0.351631
-1

-0.235022 -0.441321
2.40641 -0.291254
-1

-0.235022 -0.441321
2.44721 -0.223607
-1

-0.235022 -0.441321
3.44721 1.77639
-1

-0.235022 -0.441321
3.46103 1.80648
-1

-0.235022 -0.441321
3.47283 1.83742
-1

-0.235022 -0.441321
3.48255 1.86907
-1

-0.235022 -0.441321
3.49016 1.9013
-1

-0.235022 -0.441321
3.49562 1.93396
-1

-0.235022 -0.441321
3.4989 1.96691
-1

-0.235022 -0.441321
3.5 2
-1

-0.235022 -0.441321
3.5 3
-1

-0.235022 -0.441321
3.49376 3.07875
-1

-0.235022 -0.441321
3.47519 3.15554
-1

-0.235022 -0.441321
3.44476 3.22844
-1

-0.235022 -0.441321
3.40323 3.29564
-1

-0.235022 -0.441321
3.35163 3.35547
-1

-0.235022 -0.441321
3.29125 3.40641
-1

-0.235022 -0.441321
3.22361 3.44721
-1

-0.235022 -0.441321
1.22361 4.44721
-1

-0.235022 -0.441321
1.14068 4.4798
-1

-0.235022 -0.441321
1.05329 4.49715
-1

-0.235022 -0.441321
0.964202 4.49872
-1

-0.235022 -0.441321
0.876253 4.48444
-1

-0.235022 -0.441321
0.792234 4.45479
-1

-0.235022 -0.441321
0.714812 4.41069
-1

-0.235022 -0.441321
0.646447 4.35355
-1

-0.235022 -0.441321
0.146447 3.85355
-1

-0.235022 -0.441321
0.115484 3.8196
-1

-0.235022 -0.441321
0.0877677 3.78296
-1

-0.235022 -0.441321
0.0635331 3.74392
-1

-0.235022 -0.441321
0.0429844 3.70282
-1

-0.235022 -0.441321
0.0262952 3.66001
-1

-0.235022 -0.441321
0.0136065 3.61585
-1

-0.235022 -0.441321
0.00502525 3.57071
-1

-0.235022 -0.441321
3.55279 1.22361
-1

-0.235022 -0.441321
3.50475 1.06879
-1

-0.235022 -0.441321
3.50877 0.906741
-1

-0.235022 -0.441321
3.56442 0.754495
-1

-0.235022 -0.441321
3.66585 0.628053
-1

-0.235022 -0.441321
3.8024 0.540702
-1

-0.235022 -0.441321
3.95972 0.501625
-1

-0.235022 -0.441321
4.12127 0.514929
-1

-0.235022 -0.441321
6.12127 1.01493
-1

-0.235022 -0.441321
6.24774 1.06569
-1

-0.235022 -0.441321
6.3558 1.14871
-1

-0.235022 -0.441321
6.43744 1.25783
-1

-0.235022 -0.441321
6.48658 1.38494
-1

-0.235022 -0.441321
6.49958 1.52059
-1

-0.235022 -0.441321
6.47546 1.65472
-1

-0.235022 -0.441321
6.41603 1.77735
-1

-0.235022 -0.441321
5.41603 3.27735
-1

-0.235022 -0.441321
5.31604 3.38745
-1

-0.235022 -0.441321
5.18809 3.46327
-1

-0.235022 -0.441321
5.0435 3.4981
-1

-0.235022 -0.441321
4.89506 3.48886
-1

-0.235022 -0.441321
4.7559 3.43637
-1

-0.235022 -0.441321
4.63834 3.34526
-1

-0.235022 -0.441321
4.55279 3.22361
-1

-0.235022 -0.441321
8 2.5
-1

-0.121118 -0.485109
0 -0.5
0.12203

-0.121118 -0.485109
2 -0.5
-1

-0.121118 -0.485109
2.07875 -0.493759
-1

-0.121118 -0.485109
2.15554 -0.475192
-1

-0.121118 -0.485109
2.22844 -0.444762
-1

-0.121118 -0.485109
2.29564 -0.40323
-1

-0.121118 -0.485109
2.35547 -0.351631
-1

-0.121118 -0.485109
2.40641 -0.291254
-1

-0.121118 -0.485109
2.44721 -0.223607
-1

-0.121118 -0.485109
3.44721 1.77639
-1

-0.121118 -0.485109
3.46103 1.80648
-1

-0.121118 -0.485109
3.47283 1.83742
-1

-0.121118 -0.485109
3.48255 1.86907
-1

-0.121118 -0.485109
3.49016 1.9013
-1

-0.121118 -0.485109
3.49562 1.93396
-1

-0.121118 -0.485109
3.4989 1.96691
-1

-0.121118 -0.485109
3.5 2
-1

-0.121118 -0.485109
3.5 3
-1

-0.121118 -0.485109
3.49376 3.07875
-1

-0.121118 -0.485109
3.47519 3.15554
-1

-0.121118 -0.485109
3.44476 3.22844
-1

-0.121118 -0.485109
3.40323 3.29564
-1

-0.121118 -0.485109
3.35163 3.35547
-1

-0.121118 -0.485109
3.29125 3.40641
-1

-0.121118 -0.485109
3.22361 3.44721
-1

-0.121118 -0.485109
1.22361 4.44721
-1

-0.121118 -0.485109
1.14068 4.4798
-1

-0.121118 -0.485109
1.05329 4.49715
-1

-0.121118 -0.485109
0.964202 4.49872
-1

-0.121118 -0.485109
0.876253 4.48444
-1

-0.121118 -0.485109
0.792234 4.45479
-1

-0.121118 -0.485109
0.714812 4.41069
-1

-0.121118 -0.485109
0.646447 4.35355
-1

-0.121118 -0.485109
0.146447 3.85355
-1

-0.121118 -0.485109
0.115484 3.8196
-1

-0.121118 -0.485109
0.0877677 3.78296
-1

-0.121118 -0.485109
0.0635331 3.74392
-1

-0.121118 -0.485109
0.0429844 3.70282
-1

-0.121118 -0.485109
0.0262952 3.66001
-1

-0.121118 -0.485109
0.0136065 3.61585
-1

-0.121118 -0.485109
0.00502525 3.57071
-1

-0.121118 -0.485109
3.55279 1.22361
-1

-0.121118 -0.485109
3.50475 1.06879
-1

-0.121118 -0.485109
3.50877 0.906741
-1

-0.121118 -0.485109
3.56442 0.754495
-1

-0.121118 -0.485109
3.66585 0.628053
-1

-0.121118 -0.485109
3.8024 0.540702
-1

-0.121118 -0.485109
3.95972 0.501625
-1

-0.121118 -0.485109
4.12127 0.514929
-1

-0.121118 -0.485109
6.12127 1.01493
-1

-0.121118 -0.485109
6.24774 1.06569
-1

-0.121118 -0.485109
6.3558 1.14871
-1

-0.121118 -0.485109
6.43744 1.25783
-1

-0.121118 -0.485109
6.48658 1.38494
-1

-0.121118 -0.485109
6.49958 1.52059
-1

-0.121118 -0.485109
6.47546 1.65472
-1

-0.121118 -0.485109
6.41603 1.77735
-1

-0.121118 -0.485109
5.41603 3.27735
-1

-0.121118 -0.485109
5.31604 3.38745
-1

-0.121118 -0.485109
5.18809 3.46327
-1

-0.121118 -0.485109
5.0435 3.4981
-1

-0.121118 -0.485109
4.89506 3.48886
-1

-0.121118 -0.485109
4.7559 3.43637
-1

-0.121118 -0.485109
4.63834 3.34526
-1

-0.121118 -0.485109
4.55279 3.22361
-1

-0.121118 -0.485109
8 2.5
-1

0 -0.5
2 -0.5
2

0 -0.5
2.07875 -0.493759
-1

0 -0.5
2.15554 -0.475192
-1

0 -0.5
2.22844 -0.444762
-1

0 -0.5
2.29564 -0.40323
-1

0 -0.5
2.35547 -0.351631
-1

0 -0.5
2.40641 -0.291254
-1

0 -0.5
2.44721 -0.223607
-1

0 -0.5
3.44721 1.77639
-1

0 -0.5
3.46103 1.80648
-1

0 -0.5
3.47283 1.83742
-1

0 -0.5
3.48255 1.86907
-1

0 -0.5
3.49016 1.9013
-1

0 -0.5
3.49562 1.93396
-1

0 -0.5
3.4989 1.96691
-1

0 -0.5
3.5 2
-1

0 -0.5
3.5 3
-1

0 -0.5
3.49376 3.07875
-1

0 -0.5
3.47519 3.15554
-1

0 -0.5
3.44476 3.22844
-1

0 -0.5
3.40323 3.29564
-1

0 -0.5
3.35163 3.35547
-1

0 -0.5
3.29125 3.40641
-1

0 -0.5
3.22361 3.44721
-1

0 -0.5
1.22361 4.44721
-1

0 -0.5
1.14068 4.4798
-1

0 -0.5
1.05329 4.49715
-1

0 -0.5
0.964202 4.49872
-1

0 -0.5
0.876253 4.48444
-1

0 -0.5
0.792234 4.45479
-1

0 -0.5
0.714812 4.41069
-1

0 -0.5
0.646447 4.35355
-1

0 -0.5
0.146447 3.85355
-1

0 -0.5
0.115484 3.8196
-1

0 -0.5
0.0877677 3.78296
-1

0 -0.5
0.0635331 3.74392
-1

0 -0.5
0.0429844 3.70282
-1

0 -0.5
0.0262952 3.66001
-1

0 -0.5
0.0136065 3.61585
-1

0 -0.5
0.00502525 3.57071
-1

0 -0.5
3.55279 1.22361
-1

0 -0.5
3.50475 1.06879
-1

0 -0.5
3.50877 0.906741
-1

0 -0.5
3.56442 0.754495
-1

0 -0.5
3.66585 0.628053
-1

0 -0.5
3.8024 0.540702
-1

0 -0.5
3.95972 0.501625
-1

0 -0.5
4.12127 0.514929
-1

0 -0.5
6.12127 1.01493
-1

0 -0.5
6.24774 1.06569
-1

0 -0.5
6.3558 1.14871
-1

0 -0.5
6.43744 1.25783
-1

0 -0.5
6.48658 1.38494
-1

0 -0.5
6.49958 1.52059
-1

0 -0.5
6.47546 1.65472
-1

0 -0.5
6.41603 1.77735
-1

0 -0.5
5.41603 3.27735
-1

0 -0.5
5.31604 3.38745
-1

0 -0.5
5.18809 3.46327
-1

0 -0.5
5.0435 3.4981
-1

0 -0.5
4.89506 3.48886
-1

0 -0.5
4.7559 3.43637
-1

0 -0.5
4.63834 3.34526
-1

0 -0.5
4.55279 3.22361
-1

0 -0.5
8 2.5
-1

2 -0.5
2.07875 -0.493759
0.0789996

2 -0.5
2.15554 -0.475192
-1

2 -0.5
2.22844 -0.444762
-1

2 -0.5
2.29564 -0.40323
-1

2 -0.5
2.35547 -0.351631
-1

2 -0.5
2.40641 -0.291254
-1

2 -0.5
2.44721 -0.223607
-1

2 -0.5
3.44721 1.77639
-1

2 -0.5
3.46103 1.80648
-1

2 -0.5
3.47283 1.83742
-1

2 -0.5
3.48255 1.86907
-1

2 -0.5
3.49016 1.9013
-1

2 -0.5
3.49562 1.93396
-1

2 -0.5
3.4989 1.96691
-1

2 -0.5
3.5 2
-1

2 -0.5
3.5 3
-1

2 -0.5
3.49376 3.07875
-1

2 -0.5
3.47519 3.15554
-1

2 -0.5
3.44476 3.22844
-1

2 -0.5
3.40323 3.29564
-1

2 -0.5
3.35163 3.35547
-1

2 -0.5
3.29125 3.40641
-1

2 -0.5
3.22361 3.44721
-1

2 -0.5
1.22361 4.44721
-1

2 -0.5
1.14068 4.4798
-1

2 -0.5
1.05329 4.49715
-1

2 -0.5
0.964202 4.49872
-1

2 -0.5
0.876253 4.48444
-1

2 -0.5
0.792234 4.45479
-1

2 -0.5
0.714812 4.41069
-1

2 -0.5
0.646447 4.35355
-1

2 -0.5
0.146447 3.85355
-1

2 -0.5
0.115484 3.8196
-1

2 -0.5
0.0877677 3.78296
-1

2 -0.5
0.0635331 3.74392
-1

2 -0.5
0.0429844 3.70282
-1

2 -0.5
0.0262952 3.66001
-1

2 -0.5
0.0136065 3.61585
-1

2 -0.5
0.00502525 3.57071
-1

2 -0.5
3.55279 1.22361
-1

2 -0.5
3.50475 1.06879
-1

2 -0.5
3.50877 0.906741
-1

2 -0.5
3.56442 0.754495
-1

2 -0.5
3.66585 0.628053
-1

2 -0.5
3.8024 0.540702
-1

2 -0.5
3.95972 0.501625
-1

2 -0.5
4.12127 0.514929
-1

2 -0.5
6.12127 1.01493
-1

2 -0.5
6.24774 1.06569
-1

2 -0.5
6.3558 1.14871
-1

2 -0.5
6.43744 1.25783
-1

2 -0.5
6.48658 1.38494
-1

2 -0.5
6.49958 1.52059
-1

2 -0.5
6.47546 1.65472
-1

2 -0.5
6.41603 1.77735
-1

2 -0.5
5.41603 3.27735
-1

2 -0.5
5.31604 3.38745
-1

2 -0.5
5.18809 3.46327
-1

2 -0.5
5.0435 3.4981
-1

2 -0.5
4.89506 3.48886
-1

2 -0.5
4.7559 3.43637
-1

2 -0.5
4.63834 3.34526
-1

2 -0.5
4.55279 3.22361
-1

2 -0.5
8 2.5
-1

2.07875 -0.493759
2.15554 -0.475192
0.0789996

2.07875 -0.493759
2.22844 -0.444762
-1

2.07875 -0.493759
2.29564 -0.40323
-1

2.07875 -0.493759
2.35547 -0.351631
-1

2.07875 -0.493759
2.40641 -0.291254
-1

2.07875 -0.493759
2.44721 -0.223607
-1

2.07875 -0.493759
3.44721 1.77639
-1

2.07875 -0.493759
3.46103 1.80648
-1

2.07875 -0.493759
3.47283 1.83742
-1

2.07875 -0.493759
3.48255 1.86907
-1

2.07875 -0.493759
3.49016 1.9013
-1

2.07875 -0.493759
3.49562 1.93396
-1

2.07875 -0.493759
3.4989 1.96691
-1

2.07875 -0.493759
3.5 2
-1

2.07875 -0.493759
3.5 3
-1

2.07875 -0.493759
3.49376 3.07875
-1

2.07875 -0.493759
3.47519 3.15554
-1

2.07875 -0.493759
3.44476 3.22844
-1

2.07875 -0.493759
3.40323 3.29564
-1

2.07875 -0.493759
3.35163 3.35547
-1

2.07875 -0.493759
3.29125 3.40641
-1

2.07875 -0.493759
3.22361 3.44721
-1

2.07875 -0.493759
1.22361 4.44721
-1

2.07875 -0.493759
1.14068 4.4798
-1

2.07875 -0.493759
1.05329 4.49715
-1

2.07875 -0.493759
0.964202 4.49872
-1

2.07875 -0.493759
0.876253 4.48444
-1

2.07875 -0.493759
0.792234 4.45479
-1

2.07875 -0.493759
0.714812 4.41069
-1

2.07875 -0.493759
0.646447 4.35355
-1

2.07875 -0.493759
0.146447 3.85355
-1

2.07875 -0.493759
0.115484 3.8196
-1

2.07875 -0.493759
0.0877677 3.78296
-1

2.07875 -0.493759
0.0635331 3.74392
-1

2.07875 -0.493759
0.0429844 3.70282
-1

2.07875 -0.493759
0.0262952 3.66001
-1

2.07875 -0.493759
0.0136065 3.61585
-1

2.07875 -0.493759
0.00502525 3.57071
-1

2.07875 -0.493759
3.55279 1.22361
-1

2.07875 -0.493759
3.50475 1.06879
-1

2.07875 -0.493759
3.50877 0.906741
-1

2.07875 -0.493759
3.56442 0.754495
-1

2.07875 -0.493759
3.66585 0.628053
-1

2.07875 -0.493759
3.8024 0.540702
-1

2.07875 -0.493759
3.95972 0.501625
-1

2.07875 -0.493759
4.12127 0.514929
-1

2.07875 -0.493759
6.12127 1.01493
-1

2.07875 -0.493759
6.24774 1.06569
-1

2.07875 -0.493759
6.3558 1.14871
-1

2.07875 -0.493759
6.43744 1.25783
-1

2.07875 -0.493759
6.48658 1.38494
-1

2.07875 -0.493759
6.49958 1.52059
-1

2.07875 -0.493759
6.47546 1.65472
-1

2.07875 -0.493759
6.41603 1.77735
-1

2.07875 -0.493759
5.41603 3.27735
-1

2.07875 -0.493759
5.31604 3.38745
-1

2.07875 -0.493759
5.18809 3.46327
-1

2.07875 -0.493759
5.0435 3.4981
-1

2.07875 -0.493759
4.89506 3.48886
-1

2.07875 -0.493759
4.7559 3.43637
-1

2.07875 -0.493759
4.63834 3.34526
-1

2.07875 -0.493759
4.55279 3.22361
-1

2.07875 -0.493759
8 2.5
-1

2.15554 -0.475192
2.22844 -0.444762
0.0789996

2.15554 -0.475192
2.29564 -0.40323
-1

2.15554 -0.475192
2.35547 -0.351631
-1

2.15554 -0.475192
2.40641 -0.291254
-1

2.15554 -0.475192
2.44721 -0.223607
-1

2.15554 -0.475192
3.44721 1.77639
-1

2.15554 -0.475192
3.46103 1.80648
-1

2.15554 -0.475192
3.47283 1.83742
-1

2.15554 -0.475192
3.48255 1.86907
-1

2.15554 -0.475192
3.49016 1.9013
-1

2.15554 -0.475192
3.49562 1.93396
-1

2.15554 -0.475192
3.4989 1.96691
-1

2.15554 -0.475192
3.5 2
-1

2.15554 -0.475192
3.5 3
-1

2.15554 -0.475192
3.49376 3.07875
-1

2.15554 -0.475192
3.47519 3.15554
-1

2.15554 -0.475192
3.44476 3.22844
-1

2.15554 -0.475192
3.40323 3.29564
-1

2.15554 -0.475192
3.35163 3.35547
-1

2.15554 -0.475192
3.29125 3.40641
-1

2.15554 -0.475192
3.22361 3.44721
-1

2.15554 -0.475192
1.22361 4.44721
-1

2.15554 -0.475192
1.14068 4.4798
-1

2.15554 -0.475192
1.05329 4.49715
-1

2.15554 -0.475192
0.964202 4.49872
-1

2.15554 -0.475192
0.876253 4.48444
-1

2.15554 -0.475192
0.792234 4.45479
-1

2.15554 -0.475192
0.714812 4.41069
-1

2.15554 -0.475192
0.646447 4.35355
-1

2.15554 -0.475192
0.146447 3.85355
-1

2.15554 -0.475192
0.115484 3.8196
-1

2.15554 -0.475192
0.0877677 3.78296
-1

2.15554 -0.475192
0.0635331 3.74392
-1

2.15554 -0.475192
0.0429844 3.70282
-1

2.15554 -0.475192
0.0262952 3.66001
-1

2.15554 -0.475192
0.0136065 3.61585
-1

2.15554 -0.475192
0.00502525 3.57071
-1

2.15554 -0.475192
3.55279 1.22361
-1

2.15554 -0.475192
3.50475 1.06879
-1

2.15554 -0.475192
3.50877 0.906741
-1

2.15554 -0.475192
3.56442 0.754495
-1

2.15554 -0.475192
3.66585 0.628053
-1

2.15554 -0.475192
3.8024 0.540702
-1

2.15554 -0.475192
3.95972 0.501625
-1

2.15554 -0.475192
4.12127 0.514929
-1

2.15554 -0.475192
6.12127 1.01493
4.23644

2.15554 -0.475192
6.24774 1.06569
-1

2.15554 -0.475192
6.3558 1.14871
-1

2.15554 -0.475192
6.43744 1.25783
-1

2.15554 -0.475192
6.48658 1.38494
-1

2.15554 -0.475192
6.49958 1.52059
-1

2.15554 -0.475192
6.47546 1.65472
-1

2.15554 -0.475192
6.41603 1.77735
-1

2.15554 -0.475192
5.41603 3.27735
-1

2.15554 -0.475192
5.31604 3.38745
-1

2.15554 -0.475192
5.18809 3.46327
-1

2.15554 -0.475192
5.0435 3.4981
-1

2.15554 -0.475192
4.89506 3.48886
-1

2.15554 -0.475192
4.7559 3.43637
-1

2.15554 -0.475192
4.63834 3.34526
-1

2.15554 -0.475192
4.55279 3.22361
-1

2.15554 -0.475192
8 2.5
-1

2.22844 -0.444762
2.29564 -0.40323
0.0789996

2.22844 -0.444762
2.35547 -0.351631
-1

2.22844 -0.444762
2.40641 -0.291254
-1

2.22844 -0.444762
2.44721 -0.223607
-1

2.22844 -0.444762
3.44721 1.77639
-1

2.22844 -0.444762
3.46103 1.80648
-1

2.22844 -0.444762
3.47283 1.83742
-1

2.22844 -0.444762
3.48255 1.86907
-1

2.22844 -0.444762
3.49016 1.9013
-1

2.22844 -0.444762
3.49562 1.93396
-1

2.22844 -0.444762
3.4989 1.96691
-1

2.22844 -0.444762
3.5 2
-1

2.22844 -0.444762
3.5 3
-1

2.22844 -0.444762
3.49376 3.07875
-1

2.22844 -0.444762
3.47519 3.15554
-1

2.22844 -0.444762
3.44476 3.22844
-1

2.22844 -0.444762
3.40323 3.29564
-1

2.22844 -0.444762
3.35163 3.35547
-1

2.22844 -0.444762
3.29125 3.40641
-1

2.22844 -0.444762
3.22361 3.44721
-1

2.22844 -0.444762
1.22361 4.44721
-1

2.22844 -0.444762
1.14068 4.4798
-1

2.22844 -0.444762
1.05329 4.49715
-1

2.22844 -0.444762
0.964202 4.49872
-1

2.22844 -0.444762
0.876253 4.48444
-1

2.22844 -0.444762
0.792234 4.45479
-1

2.22844 -0.444762
0.714812 4.41069
-1

2.22844 -0.444762
0.646447 4.35355
-1

2.22844 -0.444762
0.146447 3.85355
-1

2.22844 -0.444762
0.115484 3.8196
-1

2.22844 -0.444762
0.0877677 3.78296
-1

2.22844 -0.444762
0.0635331 3.74392
-1

2.22844 -0.444762
0.0429844 3.70282
-1

2.22844 -0.444762
0.0262952 3.66001
-1

2.22844 -0.444762
0.0136065 3.61585
-1

2.22844 -0.444762
0.00502525 3.57071
-1

2.22844 -0.444762
3.55279 1.22361
-1

2.22844 -0.444762
3.50475 1.06879
-1

2.22844 -0.444762
3.50877 0.906741
-1

2.22844 -0.444762
3.56442 0.754495
-1

2.22844 -0.444762
3.66585 0.628053
-1

2.22844 -0.444762
3.8024 0.540702
-1

2.22844 -0.444762
3.95972 0.501625
1.97306

2.22844 -0.444762
4.12127 0.514929
2.12221

2.22844 -0.444762
6.12127 1.01493
4.1575

2.22844 -0.444762
6.24774 1.06569
-1

2.22844 -0.444762
6.3558 1.14871
-1

2.22844 -0.444762
6.43744 1.25783
-1

2.22844 -0.444762
6.48658 1.38494
-1

2.22844 -0.444762
6.49958 1.52059
-1

2.22844 -0.444762
6.47546 1.65472
-1

2.22844 -0.444762
6.41603 1.77735
-1

2.22844 -0.444762
5.41603 3.27735
-1

2.22844 -0.444762
5.31604 3.38745
-1

2.22844 -0.444762
5.18809 3.46327
-1

2.22844 -0.444762
5.0435 3.4981
-1

2.22844 -0.444762
4.89506 3.48886
-1

2.22844 -0.444762
4.7559 3.43637
-1

2.22844 -0.444762
4.63834 3.34526
-1

2.22844 -0.444762
4.55279 3.22361
-1

2.22844 -0.444762
8 2.5
-1

2.29564 -0.40323
2.35547 -0.351631
0.0789996

2.29564 -0.40323
2.40641 -0.291254
-1

2.29564 -0.40323
2.44721 -0.223607
-1

2.29564 -0.40323
3.44721 1.77639
-1

2.29564 -0.40323
3.46103 1.80648
-1

2.29564 -0.40323
3.47283 1.83742
-1

2.29564 -0.40323
3.48255 1.86907
-1

2.29564 -0.40323
3.49016 1.9013
-1

2.29564 -0.40323
3.49562 1.93396
-1

2.29564 -0.40323
3.4989 1.96691
-1

2.29564 -0.40323
3.5 2
-1

2.29564 -0.40323
3.5 3
-1

2.29564 -0.40323
3.49376 3.07875
-1

2.29564 -0.40323
3.47519 3.15554
-1

2.29564 -0.40323
3.44476 3.22844
-1

2.29564 -0.40323
3.40323 3.29564
-1

2.29564 -0.40323
3.35163 3.35547
-1

2.29564 -0.40323
3.29125 3.40641
-1

2.29564 -0.40323
3.22361 3.44721
-1

2.29564 -0.40323
1.22361 4.44721
-1

2.29564 -0.40323
1.14068 4.4798
-1

2.29564 -0.40323
1.05329 4.49715
-1

2.29564 -0.40323
0.964202 4.49872
-1

2.29564 -0.40323
0.876253 4.48444
-1

2.29564 -0.40323
0.792234 4.45479
-1

2.29564 -0.40323
0.714812 4.41069
-1

2.29564 -0.40323
0.646447 4.35355
-1

2.29564 -0.40323
0.146447 3.85355
-1

2.29564 -0.40323
0.115484 3.8196
-1

2.29564 -0.40323
0.0877677 3.78296
-1

2.29564 -0.40323
0.0635331 3.74392
-1

2.29564 -0.40323
0.0429844 3.70282
-1

2.29564 -0.40323
0.0262952 3.66001
-1

2.29564 -0.40323
0.0136065 3.61585
-1

2.29564 -0.40323
0.00502525 3.57071
-1

2.29564 -0.40323
3.55279 1.22361
-1

2.29564 -0.40323
3.50475 1.06879
-1

2.29564 -0.40323
3.50877 0.906741
-1

2.29564 -0.40323
3.56442 0.754495
-1

2.29564 -0.40323
3.66585 0.628053
1.71494

2.29564 -0.40323
3.8024 0.540702
1.77801

2.29564 -0.40323
3.95972 0.501625
1.89418

2.29564 -0.40323
4.12127 0.514929
2.04351

2.29564 -0.40323
6.12127 1.01493
4.08002

2.29564 -0.40323
6.24774 1.06569
-1

2.29564 -0.40323
6.3558 1.14871
-1

2.29564 -0.40323
6.43744 1.25783
-1

2.29564 -0.40323
6.48658 1.38494
-1

2.29564 -0.40323
6.49958 1.52059
-1

2.29564 -0.40323
6.47546 1.65472
-1

2.29564 -0.40323
6.41603 1.77735
-1

2.29564 -0.40323
5.41603 3.27735
-1

2.29564 -0.40323
5.31604 3.38745
-1

2.29564 -0.40323
5.18809 3.46327
-1

2.29564 -0.40323
5.0435 3.4981
-1

2.29564 -0.40323
4.89506 3.48886
-1

2.29564 -0.40323
4.7559 3.43637
-1

2.29564 -0.40323
4.63834 3.34526
-1

2.29564 -0.40323
4.55279 3.22361
-1

2.29564 -0.40323
8 2.5
-1

2.35547 -0.351631
2.40641 -0.291254
0.0789996

2.35547 -0.351631
2.44721 -0.223607
-1

2.35547 -0.351631
3.44721 1.77639
-1

2.35547 -0.351631
3.46103 1.80648
-1

2.35547 -0.351631
3.47283 1.83742
-1

2.35547 -0.351631
3.48255 1.86907
-1

2.35547 -0.351631
3.49016 1.9013
-1

2.35547 -0.351631
3.49562 1.93396
-1

2.35547 -0.351631
3.4989 1.96691
-1

2.35547 -0.351631
3.5 2
-1

2.35547 -0.351631
3.5 3
-1

2.35547 -0.351631
3.49376 3.07875
-1

2.35547 -0.351631
3.47519 3.15554
-1

2.35547 -0.351631
3.44476 3.22844
-1

2.35547 -0.351631
3.40323 3.29564
-1

2.35547 -0.351631
3.35163 3.35547
-1

2.35547 -0.351631
3.29125 3.40641
-1

2.35547 -0.351631
3.22361 3.44721
-1

2.35547 -0.351631
1.22361 4.44721
-1

2.35547 -0.351631
1.14068 4.4798
-1

2.35547 -0.351631
1.05329 4.49715
-1

2.35547 -0.351631
0.964202 4.49872
-1

2.35547 -0.351631
0.876253 4.48444
-1

2.35547 -0.351631
0.792234 4.45479
-1

2.35547 -0.351631
0.714812 4.41069
-1

2.35547 -0.351631
0.646447 4.35355
-1

2.35547 -0.351631
0.146447 3.85355
-1

2.35547 -0.351631
0.115484 3.8196
-1

2.35547 -0.351631
0.0877677 3.78296
-1

2.35547 -0.351631
0.0635331 3.74392
-1

2.35547 -0.351631
0.0429844 3.70282
-1

2.35547 -0.351631
0.0262952 3.66001
-1

2.35547 -0.351631
0.0136065 3.61585
-1

2.35547 -0.351631
0.00502525 3.57071
-1

2.35547 -0.351631
3.55279 1.22361
-1

2.35547 -0.351631
3.50475 1.06879
-1

2.35547 -0.351631
3.50877 0.906741
1.70693

2.35547 -0.351631
3.56442 0.754495
1.63863

2.35547 -0.351631
3.66585 0.628053
1.63612

2.35547 -0.351631
3.8024 0.540702
1.69996

2.35547 -0.351631
3.95972 0.501625
1.81705

2.35547 -0.351631
4.12127 0.514929
1.96697

2.35547 -0.351631
6.12127 1.01493
4.00609

2.35547 -0.351631
6.24774 1.06569
-1

2.35547 -0.351631
6.3558 1.14871
-1

2.35547 -0.351631
6.43744 1.25783
-1

2.35547 -0.351631
6.48658 1.38494
-1

2.35547 -0.351631
6.49958 1.52059
-1

2.35547 -0.351631
6.47546 1.65472
-1

2.35547 -0.351631
6.41603 1.77735
-1

2.35547 -0.351631
5.41603 3.27735
-1

2.35547 -0.351631
5.31604 3.38745
-1

2.35547 -0.351631
5.18809 3.46327
-1

2.35547 -0.351631
5.0435 3.4981
-1

2.35547 -0.351631
4.89506 3.48886
-1

2.35547 -0.351631
4.7559 3.43637
-1

2.35547 -0.351631
4.63834 3.34526
-1

2.35547 -0.351631
4.55279 3.22361
-1

2.35547 -0.351631
8 2.5
-1

2.40641 -0.291254
2.44721 -0.223607
0.0789996

2.40641 -0.291254
3.44721 1.77639
-1

2.40641 -0.291254
3.46103 1.80648
-1

2.40641 -0.291254
3.47283 1.83742
-1

2.40641 -0.291254
3.48255 1.86907
-1

2.40641 -0.291254
3.49016 1.9013
-1

2.40641 -0.291254
3.49562 1.93396
-1

2.40641 -0.291254
3.4989 1.96691
-1

2.40641 -0.291254
3.5 2
-1

2.40641 -0.291254
3.5 3
-1

2.40641 -0.291254
3.49376 3.07875
-1

2.40641 -0.291254
3.47519 3.15554
-1

2.40641 -0.291254
3.44476 3.22844
-1

2.40641 -0.291254
3.40323 3.29564
-1

2.40641 -0.291254
3.35163 3.35547
-1

2.40641 -0.291254
3.29125 3.40641
-1

2.40641 -0.291254
3.22361 3.44721
-1

2.40641 -0.291254
1.22361 4.44721
-1

2.40641 -0.291254
1.14068 4.4798
-1

2.40641 -0.291254
1.05329 4.49715
-1

2.40641 -0.291254
0.964202 4.49872
-1

2.40641 -0.291254
0.876253 4.48444
-1

2.40641 -0.291254
0.792234 4.45479
-1

2.40641 -0.291254
0.714812 4.41069
-1

2.40641 -0.291254
0.646447 4.35355
-1

2.40641 -0.291254
0.146447 3.85355
-1

2.40641 -0.291254
0.115484 3.8196
-1

2.40641 -0.291254
0.0877677 3.78296
-1

2.40641 -0.291254
0.0635331 3.74392
-1

2.40641 -0.291254
0.0429844 3.70282
-1

2.40641 -0.291254
0.0262952 3.66001
-1

2.40641 -0.291254
0.0136065 3.61585
-1

2.40641 -0.291254
0.00502525 3.57071
-1

2.40641 -0.291254
3.55279 1.22361
1.89973

2.40641 -0.291254
3.50475 1.06879
1.74816

2.40641 -0.291254
3.50877 0.906741
1.628

2.40641 -0.291254
3.56442 0.754495
1.56031

2.40641 -0.291254
3.66585 0.628053
1.55927

2.40641 -0.291254
3.8024 0.540702
1.6251

2.40641 -0.291254
3.95972 0.501625
1.74397

2.40641 -0.291254
4.12127 0.514929
1.8949

2.40641 -0.291254
6.12127 1.01493
3.9378

2.40641 -0.291254
6.24774 1.06569
-1

2.40641 -0.291254
6.3558 1.14871
-1

2.40641 -0.291254
6.43744 1.25783
-1

2.40641 -0.291254
6.48658 1.38494
-1

2.40641 -0.291254
6.49958 1.52059
-1

2.40641 -0.291254
6.47546 1.65472
-1

2.40641 -0.291254
6.41603 1.77735
-1

2.40641 -0.291254
5.41603 3.27735
-1

2.40641 -0.291254
5.31604 3.38745
-1

2.40641 -0.291254
5.18809 3.46327
-1

2.40641 -0.291254
5.0435 3.4981
-1

2.40641 -0.291254
4.89506 3.48886
-1

2.40641 -0.291254
4.7559 3.43637
-1

2.40641 -0.291254
4.63834 3.34526
-1

2.40641 -0.291254
4.55279 3.22361
4.11839

2.40641 -0.291254
8 2.5
-1

2.44721 -0.223607
3.44721 1.77639
2.23607

2.44721 -0.223607
3.46103 1.80648
-1

2.44721 -0.223607
3.47283 1.83742
-1

2.44721 -0.223607
3.48255 1.86907
-1

2.44721 -0.223607
3.49016 1.9013
-1

2.44721 -0.223607
3.49562 1.93396
-1

2.44721 -0.223607
3.4989 1.96691
-1

2.44721 -0.223607
3.5 2
-1

2.44721 -0.223607
3.5 3
-1

2.44721 -0.223607
3.49376 3.07875
-1

2.44721 -0.223607
3.47519 3.15554
-1

2.44721 -0.223607
3.44476 3.22844
-1

2.44721 -0.223607
3.40323 3.29564
-1

2.44721 -0.223607
3.35163 3.35547
-1

2.44721 -0.223607
3.29125 3.40641
-1

2.44721 -0.223607
3.22361 3.44721
-1

2.44721 -0.223607
1.22361 4.44721
-1

2.44721 -0.223607
1.14068 4.4798
-1

2.44721 -0.223607
1.05329 4.49715
-1

2.44721 -0.223607
0.964202 4.49872
-1

2.44721 -0.223607
0.876253 4.48444
-1

2.44721 -0.223607
0.792234 4.45479
-1

2.44721 -0.223607
0.714812 4.41069
-1

2.44721 -0.223607
0.646447 4.35355
-1

2.44721 -0.223607
0.146447 3.85355
-1

2.44721 -0.223607
0.115484 3.8196
-1

2.44721 -0.223607
0.0877677 3.78296
-1

2.44721 -0.223607
0.0635331 3.74392
-1

2.44721 -0.223607
0.0429844 3.70282
-1

2.44721 -0.223607
0.0262952 3.66001
-1

2.44721 -0.223607
0.0136065 3.61585
-1

2.44721 -0.223607
0.00502525 3.57071
-1

2.44721 -0.223607
3.55279 1.22361
1.82119

2.44721 -0.223607
3.50475 1.06879
1.66993

2.44721 -0.223607
3.50877 0.906741
1.55068

2.44721 -0.223607
3.56442 0.754495
1.48487

2.44721 -0.223607
3.66585 0.628053
1.48674

2.44721 -0.223607
3.8024 0.540702
1.55586

2.44721 -0.223607
3.95972 0.501625
1.67739

2.44721 -0.223607
4.12127 0.514929
1.82972

2.44721 -0.223607
6.12127 1.01493
3.8772

2.44721 -0.223607
6.24774 1.06569
-1

2.44721 -0.223607
6.3558 1.14871
-1

2.44721 -0.223607
6.43744 1.25783
-1

2.44721 -0.223607
6.48658 1.38494
-1

2.44721 -0.223607
6.49958 1.52059
-1

2.44721 -0.223607
6.47546 1.65472
-1

2.44721 -0.223607
6.41603 1.77735
-1

2.44721 -0.223607
5.41603 3.27735
-1

2.44721 -0.223607
5.31604 3.38745
-1

2.44721 -0.223607
5.18809 3.46327
-1

2.44721 -0.223607
5.0435 3.4981
-1

2.44721 -0.223607
4.89506 3.48886
-1

2.44721 -0.223607
4.7559 3.43637
-1

2.44721 -0.223607
4.63834 3.34526
-1

2.44721 -0.223607
4.55279 3.22361
4.0394

2.44721 -0.223607
8 2.5
-1

3.44721 1.77639
3.46103 1.80648
0.0331116

3.44721 1.77639
3.47283 1.83742
-1

3.44721 1.77639
3.48255 1.86907
-1

3.44721 1.77639
3.49016 1.9013
-1

3.44721 1.77639
3.49562 1.93396
-1

3.44721 1.77639
3.4989 1.96691
-1

3.44721 1.77639
3.5 2
-1

3.44721 1.77639
3.5 3
-1

3.44721 1.77639
3.49376 3.07875
-1

3.44721 1.77639
3.47519 3.15554
-1

3.44721 1.77639
3.44476 3.22844
-1

3.44721 1.77639
3.40323 3.29564
-1

3.44721 1.77639
3.35163 3.35547
-1

3.44721 1.77639
3.29125 3.40641
-1

3.44721 1.77639
3.22361 3.44721
-1

3.44721 1.77639
1.22361 4.44721
-1

3.44721 1.77639
1.14068 4.4798
-1

3.44721 1.77639
1.05329 4.49715
-1

3.44721 1.77639
0.964202 4.49872
-1

3.44721 1.77639
0.876253 4.48444
-1

3.44721 1.77639
0.792234 4.45479
-1

3.44721 1.77639
0.714812 4.41069
-1

3.44721 1.77639
0.646447 4.35355
-1

3.44721 1.77639
0.146447 3.85355
-1

3.44721 1.77639
0.115484 3.8196
-1

3.44721 1.77639
0.0877677 3.78296
-1

3.44721 1.77639
0.0635331 3.74392
-1

3.44721 1.77639
0.0429844 3.70282
-1

3.44721 1.77639
0.0262952 3.66001
-1

3.44721 1.77639
0.0136065 3.61585
-1

3.44721 1.77639
0.00502525 3.57071
-1

3.44721 1.77639
3.55279 1.22361
0.562777

3.44721 1.77639
3.50475 1.06879
0.70994

3.44721 1.77639
3.50877 0.906741
0.871828

3.44721 1.77639
3.56442 0.754495
-1

3.44721 1.77639
3.66585 0.628053
-1

3.44721 1.77639
3.8024 0.540702
-1

3.44721 1.77639
3.95972 0.501625
-1

3.44721 1.77639
4.12127 0.514929
-1

3.44721 1.77639
6.12127 1.01493
-1

3.44721 1.77639
6.24774 1.06569
-1

3.44721 1.77639
6.3558 1.14871
-1

3.44721 1.77639
6.43744 1.25783
-1

3.44721 1.77639
6.48658 1.38494
-1

3.44721 1.77639
6.49958 1.52059
-1

3.44721 1.77639
6.47546 1.65472
-1

3.44721 1.77639
6.41603 1.77735
-1

3.44721 1.77639
5.41603 3.27735
-1

3.44721 1.77639
5.31604 3.38745
-1

3.44721 1.77639
5.18809 3.46327
-1

3.44721 1.77639
5.0435 3.4981
-1

3.44721 1.77639
4.89506 3.48886
-1

3.44721 1.77639
4.7559 3.43637
-1

3.44721 1.77639
4.63834 3.34526
1.96981

3.44721 1.77639
4.55279 3.22361
1.82119

3.44721 1.77639
8 2.5
-1

3.46103 1.80648
3.47283 1.83742
0.0331116

3.46103 1.80648
3.48255 1.86907
-1

3.46103 1.80648
3.49016 1.9013
-1

3.46103 1.80648
3.49562 1.93396
-1

3.46103 1.80648
3.4989 1.96691
-1

3.46103 1.80648
3.5 2
-1

3.46103 1.80648
3.5 3
-1

3.46103 1.80648
3.49376 3.07875
-1

3.46103 1.80648
3.47519 3.15554
-1

3.46103 1.80648
3.44476 3.22844
-1

3.46103 1.80648
3.40323 3.29564
-1

3.46103 1.80648
3.35163 3.35547
-1

3.46103 1.80648
3.29125 3.40641
-1

3.46103 1.80648
3.22361 3.44721
-1

3.46103 1.80648
1.22361 4.44721
-1

3.46103 1.80648
1.14068 4.4798
-1

3.46103 1.80648
1.05329 4.49715
-1

3.46103 1.80648
0.964202 4.49872
-1

3.46103 1.80648
0.876253 4.48444
-1

3.46103 1.80648
0.792234 4.45479
-1

3.46103 1.80648
0.714812 4.41069
-1

3.46103 1.80648
0.646447 4.35355
-1

3.46103 1.80648
0.146447 3.85355
-1

3.46103 1.80648
0.115484 3.8196
-1

3.46103 1.80648
0.0877677 3.78296
-1

3.46103 1.80648
0.0635331 3.74392
-1

3.46103 1.80648
0.0429844 3.70282
-1

3.46103 1.80648
0.0262952 3.66001
-1

3.46103 1.80648
0.0136065 3.61585
-1

3.46103 1.80648
0.00502525 3.57071
-1

3.46103 1.80648
3.55279 1.22361
0.590054

3.46103 1.80648
3.50475 1.06879
0.738989

3.46103 1.80648
3.50877 0.906741
0.901008

3.46103 1.80648
3.56442 0.754495
-1

3.46103 1.80648
3.66585 0.628053
-1

3.46103 1.80648
3.8024 0.540702
-1

3.46103 1.80648
3.95972 0.501625
-1

3.46103 1.80648
4.12127 0.514929
-1

3.46103 1.80648
6.12127 1.01493
-1

3.46103 1.80648
6.24774 1.06569
-1

3.46103 1.80648
6.3558 1.14871
-1

3.46103 1.80648
6.43744 1.25783
-1

3.46103 1.80648
6.48658 1.38494
-1

3.46103 1.80648
6.49958 1.52059
-1

3.46103 1.80648
6.47546 1.65472
-1

3.46103 1.80648
6.41603 1.77735
-1

3.46103 1.80648
5.41603 3.27735
-1

3.46103 1.80648
5.31604 3.38745
-1

3.46103 1.80648
5.18809 3.46327
-1

3.46103 1.80648
5.0435 3.4981
-1

3.46103 1.80648
4.89506 3.48886
-1

3.46103 1.80648
4.7559 3.43637
-1

3.46103 1.80648
4.63834 3.34526
1.9375

3.46103 1.80648
4.55279 3.22361
1.7889

3.46103 1.80648
8 2.5
-1

3.47283 1.83742
3.48255 1.86907
0.0331116

3.47283 1.83742
3.49016 1.9013
-1

3.47283 1.83742
3.49562 1.93396
-1

3.47283 1.83742
3.4989 1.96691
-1

3.47283 1.83742
3.5 2
-1

3.47283 1.83742
3.5 3
-1

3.47283 1.83742
3.49376 3.07875
-1

3.47283 1.83742
3.47519 3.15554
-1

3.47283 1.83742
3.44476 3.22844
-1

3.47283 1.83742
3.40323 3.29564
-1

3.47283 1.83742
3.35163 3.35547
-1

3.47283 1.83742
3.29125 3.40641
-1

3.47283 1.83742
3.22361 3.44721
-1

3.47283 1.83742
1.22361 4.44721
-1

3.47283 1.83742
1.14068 4.4798
-1

3.47283 1.83742
1.05329 4.49715
-1

3.47283 1.83742
0.964202 4.49872
-1

3.47283 1.83742
0.876253 4.48444
-1

3.47283 1.83742
0.792234 4.45479
-1

3.47283 1.83742
0.714812 4.41069
-1

3.47283 1.83742
0.646447 4.35355
-1

3.47283 1.83742
0.146447 3.85355
-1

3.47283 1.83742
0.115484 3.8196
-1

3.47283 1.83742
0.0877677 3.78296
-1

3.47283 1.83742
0.0635331 3.74392
-1

3.47283 1.83742
0.0429844 3.70282
-1

3.47283 1.83742
0.0262952 3.66001
-1

3.47283 1.83742
0.0136065 3.61585
-1

3.47283 1.83742
0.00502525 3.57071
-1

3.47283 1.83742
3.55279 1.22361
0.619001

3.47283 1.83742
3.50475 1.06879
0.769296

3.47283 1.83742
3.50877 0.906741
0.931374

3.47283 1.83742
3.56442 0.754495
-1

3.47283 1.83742
3.66585 0.628053
-1

3.47283 1.83742
3.8024 0.540702
-1

3.47283 1.83742
3.95972 0.501625
-1

3.47283 1.83742
4.12127 0.514929
-1

3.47283 1.83742
6.12127 1.01493
-1

3.47283 1.83742
6.24774 1.06569
-1

3.47283 1.83742
6.3558 1.14871
-1

3.47283 1.83742
6.43744 1.25783
-1

3.47283 1.83742
6.48658 1.38494
-1

3.47283 1.83742
6.49958 1.52059
-1

3.47283 1.83742
6.47546 1.65472
-1

3.47283 1.83742
6.41603 1.77735
-1

3.47283 1.83742
5.41603 3.27735
-1

3.47283 1.83742
5.31604 3.38745
-1

3.47283 1.83742
5.18809 3.46327
-1

3.47283 1.83742
5.0435 3.4981
-1

3.47283 1.83742
4.89506 3.48886
-1

3.47283 1.83742
4.7559 3.43637
-1

3.47283 1.83742
4.63834 3.34526
1.90578

3.47283 1.83742
4.55279 3.22361
1.75722

3.47283 1.83742
8 2.5
-1

3.48255 1.86907
3.49016 1.9013
0.0331116

3.48255 1.86907
3.49562 1.93396
-1

3.48255 1.86907
3.4989 1.96691
-1

3.48255 1.86907
3.5 2
-1

3.48255 1.86907
3.5 3
-1

3.48255 1.86907
3.49376 3.07875
-1

3.48255 1.86907
3.47519 3.15554
-1

3.48255 1.86907
3.44476 3.22844
-1

3.48255 1.86907
3.40323 3.29564
-1

3.48255 1.86907
3.35163 3.35547
-1

3.48255 1.86907
3.29125 3.40641
-1

3.48255 1.86907
3.22361 3.44721
-1

3.48255 1.86907
1.22361 4.44721
-1

3.48255 1.86907
1.14068 4.4798
-1

3.48255 1.86907
1.05329 4.49715
-1

3.48255 1.86907
0.964202 4.49872
-1

3.48255 1.86907
0.876253 4.48444
-1

3.48255 1.86907
0.792234 4.45479
-1

3.48255 1.86907
0.714812 4.41069
-1

3.48255 1.86907
0.646447 4.35355
-1

3.48255 1.86907
0.146447 3.85355
-1

3.48255 1.86907
0.115484 3.8196
-1

3.48255 1.86907
0.0877677 3.78296
-1

3.48255 1.86907
0.0635331 3.74392
-1

3.48255 1.86907
0.0429844 3.70282
-1

3.48255 1.86907
0.0262952 3.66001
-1

3.48255 1.86907
0.0136065 3.61585
-1

3.48255 1.86907
0.00502525 3.57071
-1

3.48255 1.86907
3.55279 1.22361
0.649277

3.48255 1.86907
3.50475 1.06879
0.800592

3.48255 1.86907
3.50877 0.906741
0.962689

3.48255 1.86907
3.56442 0.754495
-1

3.48255 1.86907
3.66585 0.628053
-1

3.48255 1.86907
3.8024 0.540702
-1

3.48255 1.86907
3.95972 0.501625
-1

3.48255 1.86907
4.12127 0.514929
-1

3.48255 1.86907
6.12127 1.01493
-1

3.48255 1.86907
6.24774 1.06569
-1

3.48255 1.86907
6.3558 1.14871
-1

3.48255 1.86907
6.43744 1.25783
-1

3.48255 1.86907
6.48658 1.38494
-1

3.48255 1.86907
6.49958 1.52059
-1

3.48255 1.86907
6.47546 1.65472
-1

3.48255 1.86907
6.41603 1.77735
-1

3.48255 1.86907
5.41603 3.27735
-1

3.48255 1.86907
5.31604 3.38745
-1

3.48255 1.86907
5.18809 3.46327
-1

3.48255 1.86907
5.0435 3.4981
-1

3.48255 1.86907
4.89506 3.48886
-1

3.48255 1.86907
4.7559 3.43637
-1

3.48255 1.86907
4.63834 3.34526
1.87483

3.48255 1.86907
4.55279 3.22361
1.72631

3.48255 1.86907
8 2.5
-1

3.49016 1.9013
3.49562 1.93396
0.0331116

3.49016 1.9013
3.4989 1.96691
-1

3.49016 1.9013
3.5 2
-1

3.49016 1.9013
3.5 3
-1

3.49016 1.9013
3.49376 3.07875
-1

3.49016 1.9013
3.47519 3.15554
-1

3.49016 1.9013
3.44476 3.22844
-1

3.49016 1.9013
3.40323 3.29564
-1

3.49016 1.9013
3.35163 3.35547
-1

3.49016 1.9013
3.29125 3.40641
-1

3.49016 1.9013
3.22361 3.44721
-1

3.49016 1.9013
1.22361 4.44721
-1

3.49016 1.9013
1.14068 4.4798
-1

3.49016 1.9013
1.05329 4.49715
-1

3.49016 1.9013
0.964202 4.49872
-1

3.49016 1.9013
0.876253 4.48444
-1

3.49016 1.9013
0.792234 4.45479
-1

3.49016 1.9013
0.714812 4.41069
-1

3.49016 1.9013
0.646447 4.35355
-1

3.49016 1.9013
0.146447 3.85355
-1

3.49016 1.9013
0.115484 3.8196
-1

3.49016 1.9013
0.0877677 3.78296
-1

3.49016 1.9013
0.0635331 3.74392
-1

3.49016 1.9013
0.0429844 3.70282
-1

3.49016 1.9013
0.0262952 3.66001
-1

3.49016 1.9013
0.0136065 3.61585
-1

3.49016 1.9013
0.00502525 3.57071
-1

3.49016 1.9013
3.55279 1.22361
0.68058

3.49016 1.9013
3.50475 1.06879
0.832638

3.49016 1.9013
3.50877 0.906741
-1

3.49016 1.9013
3.56442 0.754495
-1

3.49016 1.9013
3.66585 0.628053
-1

3.49016 1.9013
3.8024 0.540702
-1

3.49016 1.9013
3.95972 0.501625
-1

3.49016 1.9013
4.12127 0.514929
-1

3.49016 1.9013
6.12127 1.01493
-1

3.49016 1.9013
6.24774 1.06569
-1

3.49016 1.9013
6.3558 1.14871
-1

3.49016 1.9013
6.43744 1.25783
-1

3.49016 1.9013
6.48658 1.38494
-1

3.49016 1.9013
6.49958 1.52059
-1

3.49016 1.9013
6.47546 1.65472
-1

3.49016 1.9013
6.41603 1.77735
-1

3.49016 1.9013
5.41603 3.27735
-1

3.49016 1.9013
5.31604 3.38745
-1

3.49016 1.9013
5.18809 3.46327
-1

3.49016 1.9013
5.0435 3.4981
-1

3.49016 1.9013
4.89506 3.48886
-1

3.49016 1.9013
4.7559 3.43637
-1

3.49016 1.9013
4.63834 3.34526
1.84482

3.49016 1.9013
4.55279 3.22361
1.69637

3.49016 1.9013
8 2.5
-1

3.49562 1.93396
3.4989 1.96691
0.0331116

3.49562 1.93396
3.5 2
-1

3.49562 1.93396
3.5 3
-1

3.49562 1.93396
3.49376 3.07875
-1

3.49562 1.93396
3.47519 3.15554
-1

3.49562 1.93396
3.44476 3.22844
-1

3.49562 1.93396
3.40323 3.29564
-1

3.49562 1.93396
3.35163 3.35547
-1

3.49562 1.93396
3.29125 3.40641
-1

3.49562 1.93396
3.22361 3.44721
-1

3.49562 1.93396
1.22361 4.44721
-1

3.49562 1.93396
1.14068 4.4798
-1

3.49562 1.93396
1.05329 4.49715
-1

3.49562 1.93396
0.964202 4.49872
-1

3.49562 1.93396
0.876253 4.48444
-1

3.49562 1.93396
0.792234 4.45479
-1

3.49562 1.93396
0.714812 4.41069
-1

3.49562 1.93396
0.646447 4.35355
-1

3.49562 1.93396
0.146447 3.85355
-1

3.49562 1.93396
0.115484 3.8196
-1

3.49562 1.93396
0.0877677 3.78296
-1

3.49562 1.93396
0.0635331 3.74392
-1

3.49562 1.93396
0.0429844 3.70282
-1

3.49562 1.93396
0.0262952 3.66001
-1

3.49562 1.93396
0.0136065 3.61585
-1

3.49562 1.93396
0.00502525 3.57071
-1

3.49562 1.93396
3.55279 1.22361
0.712648

3.49562 1.93396
3.50475 1.06879
0.865217

3.49562 1.93396
3.50877 0.906741
-1

3.49562 1.93396
3.56442 0.754495
-1

3.49562 1.93396
3.66585 0.628053
-1

3.49562 1.93396
3.8024 0.540702
-1

3.49562 1.93396
3.95972 0.501625
-1

3.49562 1.93396
4.12127 0.514929
-1

3.49562 1.93396
6.12127 1.01493
-1

3.49562 1.93396
6.24774 1.06569
-1

3.49562 1.93396
6.3558 1.14871
-1

3.49562 1.93396
6.43744 1.25783
-1

3.49562 1.93396
6.48658 1.38494
-1

3.49562 1.93396
6.49958 1.52059
-1

3.49562 1.93396
6.47546 1.65472
-1

3.49562 1.93396
6.41603 1.77735
-1

3.49562 1.93396
5.41603 3.27735
-1

3.49562 1.93396
5.31604 3.38745
-1

3.49562 1.93396
5.18809 3.46327
-1

3.49562 1.93396
5.0435 3.4981
-1

3.49562 1.93396
4.89506 3.48886
-1

3.49562 1.93396
4.7559 3.43637
-1

3.49562 1.93396
4.63834 3.34526
1.81593

3.49562 1.93396
4.55279 3.22361
1.66757

3.49562 1.93396
8 2.5
-1

3.4989 1.96691
3.5 2
0.0331116

3.4989 1.96691
3.5 3
-1

3.4989 1.96691
3.49376 3.07875
-1

3.4989 1.96691
3.47519 3.15554
-1

3.4989 1.96691
3.44476 3.22844
-1

3.4989 1.96691
3.40323 3.29564
-1

3.4989 1.96691
3.35163 3.35547
-1

3.4989 1.96691
3.29125 3.40641
-1

3.4989 1.96691
3.22361 3.44721
-1

3.4989 1.96691
1.22361 4.44721
-1

3.4989 1.96691
1.14068 4.4798
-1

3.4989 1.96691
1.05329 4.49715
-1

3.4989 1.96691
0.964202 4.49872
-1

3.4989 1.96691
0.876253 4.48444
-1

3.4989 1.96691
0.792234 4.45479
-1

3.4989 1.96691
0.714812 4.41069
-1

3.4989 1.96691
0.646447 4.35355
-1

3.4989 1.96691
0.146447 3.85355
-1

3.4989 1.96691
0.115484 3.8196
-1

3.4989 1.96691
0.0877677 3.78296
-1

3.4989 1.96691
0.0635331 3.74392
-1

3.4989 1.96691
0.0429844 3.70282
-1

3.4989 1.96691
0.0262952 3.66001
-1

3.4989 1.96691
0.0136065 3.61585
-1

3.4989 1.96691
0.00502525 3.57071
-1

3.4989 1.96691
3.55279 1.22361
0.74525

3.4989 1.96691
3.50475 1.06879
0.898137

3.4989 1.96691
3.50877 0.906741
-1

3.4989 1.96691
3.56442 0.754495
-1

3.4989 1.96691
3.66585 0.628053
-1

3.4989 1.96691
3.8024 0.540702
-1

3.4989 1.96691
3.95972 0.501625
-1

3.4989 1.96691
4.12127 0.514929
-1

3.4989 1.96691
6.12127 1.01493
-1

3.4989 1.96691
6.24774 1.06569
-1

3.4989 1.96691
6.3558 1.14871
-1

3.4989 1.96691
6.43744 1.25783
-1

3.4989 1.96691
6.48658 1.38494
-1

3.4989 1.96691
6.49958 1.52059
-1

3.4989 1.96691
6.47546 1.65472
-1

3.4989 1.96691
6.41603 1.77735
-1

3.4989 1.96691
5.41603 3.27735
-1

3.4989 1.96691
5.31604 3.38745
-1

3.4989 1.96691
5.18809 3.46327
-1

3.4989 1.96691
5.0435 3.4981
-1

3.4989 1.96691
4.89506 3.48886
-1

3.4989 1.96691
4.7559 3.43637
-1

3.4989 1.96691
4.63834 3.34526
1.78835

3.4989 1.96691
4.55279 3.22361
1.64011

3.4989 1.96691
8 2.5
-1

3.5 2
3.5 3
1

3.5 2
3.49376 3.07875
-1

3.5 2
3.47519 3.15554
-1

3.5 2
3.44476 3.22844
-1

3.5 2
3.40323 3.29564
-1

3.5 2
3.35163 3.35547
-1

3.5 2
3.29125 3.40641
-1

3.5 2
3.22361 3.44721
-1

3.5 2
1.22361 4.44721
-1

3.5 2
1.14068 4.4798
-1

3.5 2
1.05329 4.49715
-1

3.5 2
0.964202 4.49872
-1

3.5 2
0.876253 4.48444
-1

3.5 2
0.792234 4.45479
-1

3.5 2
0.714812 4.41069
-1

3.5 2
0.646447 4.35355
-1

3.5 2
0.146447 3.85355
-1

3.5 2
0.115484 3.8196
-1

3.5 2
0.0877677 3.78296
-1

3.5 2
0.0635331 3.74392
-1

3.5 2
0.0429844 3.70282
-1

3.5 2
0.0262952 3.66001
-1

3.5 2
0.0136065 3.61585
-1

3.5 2
0.00502525 3.57071
-1

3.5 2
3.55279 1.22361
0.778186

3.5 2
3.50475 1.06879
0.931223

3.5 2
3.50877 0.906741
-1

3.5 2
3.56442 0.754495
-1

3.5 2
3.66585 0.628053
-1

3.5 2
3.8024 0.540702
-1

3.5 2
3.95972 0.501625
-1

3.5 2
4.12127 0.514929
-1

3.5 2
6.12127 1.01493
-1

3.5 2
6.24774 1.06569
-1

3.5 2
6.3558 1.14871
-1

3.5 2
6.43744 1.25783
-1

3.5 2
6.48658 1.38494
-1

3.5 2
6.49958 1.52059
-1

3.5 2
6.47546 1.65472
-1

3.5 2
6.41603 1.77735
-1

3.5 2
5.41603 3.27735
-1

3.5 2
5.31604 3.38745
-1

3.5 2
5.18809 3.46327
-1

3.5 2
5.0435 3.4981
-1

3.5 2
4.89506 3.48886
-1

3.5 2
4.7559 3.43637
-1

3.5 2
4.63834 3.34526
1.76226

3.5 2
4.55279 3.22361
1.61418

3.5 2
8 2.5
-1

3.5 3
3.49376 3.07875
0.0789996

3.5 3
3.47519 3.15554
-1

3.5 3
3.44476 3.22844
-1

3.5 3
3.40323 3.29564
-1

3.5 3
3.35163 3.35547
-1

3.5 3
3.29125 3.40641
-1

3.5 3
3.22361 3.44721
-1

3.5 3
1.22361 4.44721
-1

3.5 3
1.14068 4.4798
-1

3.5 3
1.05329 4.49715
-1

3.5 3
0.964202 4.49872
-1

3.5 3
0.876253 4.48444
-1

3.5 3
0.792234 4.45479
-1

3.5 3
0.714812 4.41069
-1

3.5 3
0.646447 4.35355
-1

3.5 3
0.146447 3.85355
-1

3.5 3
0.115484 3.8196
-1

3.5 3
0.0877677 3.78296
-1

3.5 3
0.0635331 3.74392
-1

3.5 3
0.0429844 3.70282
-1

3.5 3
0.0262952 3.66001
-1

3.5 3
0.0136065 3.61585
-1

3.5 3
0.00502525 3.57071
-1

3.5 3
3.55279 1.22361
1.77718

3.5 3
3.50475 1.06879
1.93122

3.5 3
3.50877 0.906741
-1

3.5 3
3.56442 0.754495
-1

3.5 3
3.66585 0.628053
-1

3.5 3
3.8024 0.540702
-1

3.5 3
3.95972 0.501625
-1

3.5 3
4.12127 0.514929
-1

3.5 3
6.12127 1.01493
-1

3.5 3
6.24774 1.06569
-1

3.5 3
6.3558 1.14871
-1

3.5 3
6.43744 1.25783
-1

3.5 3
6.48658 1.38494
-1

3.5 3
6.49958 1.52059
-1

3.5 3
6.47546 1.65472
-1

3.5 3
6.41603 1.77735
-1

3.5 3
5.41603 3.27735
-1

3.5 3
5.31604 3.38745
-1

3.5 3
5.18809 3.46327
-1

3.5 3
5.0435 3.4981
-1

3.5 3
4.89506 3.48886
1.47823

3.5 3
4.7559 3.43637
1.32955

3.5 3
4.63834 3.34526
1.18955

3.5 3
4.55279 3.22361
1.07627

3.5 3
8 2.5
-1

3.49376 3.07875
3.47519 3.15554
0.0789996

3.49376 3.07875
3.44476 3.22844
-1

3.49376 3.07875
3.40323 3.29564
-1

3.49376 3.07875
3.35163 3.35547
-1

3.49376 3.07875
3.29125 3.40641
-1

3.49376 3.07875
3.22361 3.44721
-1

3.49376 3.07875
1.22361 4.44721
-1

3.49376 3.07875
1.14068 4.4798
-1

3.49376 3.07875
1.05329 4.49715
-1

3.49376 3.07875
0.964202 4.49872
-1

3.49376 3.07875
0.876253 4.48444
-1

3.49376 3.07875
0.792234 4.45479
-1

3.49376 3.07875
0.714812 4.41069
-1

3.49376 3.07875
0.646447 4.35355
-1

3.49376 3.07875
0.146447 3.85355
-1

3.49376 3.07875
0.115484 3.8196
-1

3.49376 3.07875
0.0877677 3.78296
-1

3.49376 3.07875
0.0635331 3.74392
-1

3.49376 3.07875
0.0429844 3.70282
-1

3.49376 3.07875
0.0262952 3.66001
-1

3.49376 3.07875
0.0136065 3.61585
-1

3.49376 3.07875
0.00502525 3.57071
-1

3.49376 3.07875
3.55279 1.22361
-1

3.49376 3.07875
3.50475 1.06879
-1

3.49376 3.07875
3.50877 0.906741
-1

3.49376 3.07875
3.56442 0.754495
-1

3.49376 3.07875
3.66585 0.628053
-1

3.49376 3.07875
3.8024 0.540702
-1

3.49376 3.07875
3.95972 0.501625
-1

3.49376 3.07875
4.12127 0.514929
-1

3.49376 3.07875
6.12127 1.01493
-1

3.49376 3.07875
6.24774 1.06569
-1

3.49376 3.07875
6.3558 1.14871
-1

3.49376 3.07875
6.43744 1.25783
-1

3.49376 3.07875
6.48658 1.38494
-1

3.49376 3.07875
6.49958 1.52059
-1

3.49376 3.07875
6.47546 1.65472
-1

3.49376 3.07875
6.41603 1.77735
-1

3.49376 3.07875
5.41603 3.27735
-1

3.49376 3.07875
5.31604 3.38745
-1

3.49376 3.07875
5.18809 3.46327
-1

3.49376 3.07875
5.0435 3.4981
-1

3.49376 3.07875
4.89506 3.48886
1.46008

3.49376 3.07875
4.7559 3.43637
1.31183

3.49376 3.07875
4.63834 3.34526
1.1752

3.49376 3.07875
4.55279 3.22361
1.06889

3.49376 3.07875
8 2.5
-1

3.47519 3.15554
3.44476 3.22844
0.0789996

3.47519 3.15554
3.40323 3.29564
-1

3.47519 3.15554
3.35163 3.35547
-1

3.47519 3.15554
3.29125 3.40641
-1

3.47519 3.15554
3.22361 3.44721
-1

3.47519 3.15554
1.22361 4.44721
-1

3.47519 3.15554
1.14068 4.4798
-1

3.47519 3.15554
1.05329 4.49715
-1

3.47519 3.15554
0.964202 4.49872
-1

3.47519 3.15554
0.876253 4.48444
-1

3.47519 3.15554
0.792234 4.45479
-1

3.47519 3.15554
0.714812 4.41069
-1

3.47519 3.15554
0.646447 4.35355
-1

3.47519 3.15554
0.146447 3.85355
-1

3.47519 3.15554
0.115484 3.8196
-1

3.47519 3.15554
0.0877677 3.78296
-1

3.47519 3.15554
0.0635331 3.74392
-1

3.47519 3.15554
0.0429844 3.70282
-1

3.47519 3.15554
0.0262952 3.66001
-1

3.47519 3.15554
0.0136065 3.61585
-1

3.47519 3.15554
0.00502525 3.57071
-1

3.47519 3.15554
3.55279 1.22361
-1

3.47519 3.15554
3.50475 1.06879
-1

3.47519 3.15554
3.50877 0.906741
-1

3.47519 3.15554
3.56442 0.754495
-1

3.47519 3.15554
3.66585 0.628053
-1

3.47519 3.15554
3.8024 0.540702
-1

3.47519 3.15554
3.95972 0.501625
-1

3.47519 3.15554
4.12127 0.514929
-1

3.47519 3.15554
6.12127 1.01493
-1

3.47519 3.15554
6.24774 1.06569
-1

3.47519 3.15554
6.3558 1.14871
-1

3.47519 3.15554
6.43744 1.25783
-1

3.47519 3.15554
6.48658 1.38494
-1

3.47519 3.15554
6.49958 1.52059
-1

3.47519 3.15554
6.47546 1.65472
-1

3.47519 3.15554
6.41603 1.77735
-1

3.47519 3.15554
5.41603 3.27735
-1

3.47519 3.15554
5.31604 3.38745
-1

3.47519 3.15554
5.18809 3.46327
-1

3.47519 3.15554
5.0435 3.4981
-1

3.47519 3.15554
4.89506 3.48886
1.45846

3.47519 3.15554
4.7559 3.43637
1.31114

3.47519 3.15554
4.63834 3.34526
1.17852

3.47519 3.15554
4.55279 3.22361
1.07974

3.47519 3.15554
8 2.5
-1

3.44476 3.22844
3.40323 3.29564
0.0789996

3.44476 3.22844
3.35163 3.35547
-1

3.44476 3.22844
3.29125 3.40641
-1

3.44476 3.22844
3.22361 3.44721
-1

3.44476 3.22844
1.22361 4.44721
-1

3.44476 3.22844
1.14068 4.4798
-1

3.44476 3.22844
1.05329 4.49715
-1

3.44476 3.22844
0.964202 4.49872
-1

3.44476 3.22844
0.876253 4.48444
-1

3.44476 3.22844
0.792234 4.45479
-1

3.44476 3.22844
0.714812 4.41069
-1

3.44476 3.22844
0.646447 4.35355
-1

3.44476 3.22844
0.146447 3.85355
-1

3.44476 3.22844
0.115484 3.8196
-1

3.44476 3.22844
0.0877677 3.78296
-1

3.44476 3.22844
0.0635331 3.74392
-1

3.44476 3.22844
0.0429844 3.70282
-1

3.44476 3.22844
0.0262952 3.66001
-1

3.44476 3.22844
0.0136065 3.61585
-1

3.44476 3.22844
0.00502525 3.57071
-1

3.44476 3.22844
3.55279 1.22361
-1

3.44476 3.22844
3.50475 1.06879
-1

3.44476 3.22844
3.50877 0.906741
-1

3.44476 3.22844
3.56442 0.754495
-1

3.44476 3.22844
3.66585 0.628053
-1

3.44476 3.22844
3.8024 0.540702
-1

3.44476 3.22844
3.95972 0.501625
-1

3.44476 3.22844
4.12127 0.514929
-1

3.44476 3.22844
6.12127 1.01493
-1

3.44476 3.22844
6.24774 1.06569
-1

3.44476 3.22844
6.3558 1.14871
-1

3.44476 3.22844
6.43744 1.25783
-1

3.44476 3.22844
6.48658 1.38494
-1

3.44476 3.22844
6.49958 1.52059
-1

3.44476 3.22844
6.47546 1.65472
-1

3.44476 3.22844
6.41603 1.77735
-1

3.44476 3.22844
5.41603 3.27735
-1

3.44476 3.22844
5.31604 3.38745
-1

3.44476 3.22844
5.18809 3.46327
-1

3.44476 3.22844
5.0435 3.4981
-1

3.44476 3.22844
4.89506 3.48886
1.47349

3.44476 3.22844
4.7559 3.43637
1.32752

3.44476 3.22844
4.63834 3.34526
1.19928

3.44476 3.22844
4.55279 3.22361
1.10803

3.44476 3.22844
8 2.5
-1

3.40323 3.29564
3.35163 3.35547
0.0789996

3.40323 3.29564
3.29125 3.40641
-1

3.40323 3.29564
3.22361 3.44721
-1

3.40323 3.29564
1.22361 4.44721
-1

3.40323 3.29564
1.14068 4.4798
-1

3.40323 3.29564
1.05329 4.49715
-1

3.40323 3.29564
0.964202 4.49872
-1

3.40323 3.29564
0.876253 4.48444
-1

3.40323 3.29564
0.792234 4.45479
-1

3.40323 3.29564
0.714812 4.41069
-1

3.40323 3.29564
0.646447 4.35355
-1

3.40323 3.29564
0.146447 3.85355
-1

3.40323 3.29564
0.115484 3.8196
-1

3.40323 3.29564
0.0877677 3.78296
-1

3.40323 3.29564
0.0635331 3.74392
-1

3.40323 3.29564
0.0429844 3.70282
-1

3.40323 3.29564
0.0262952 3.66001
-1

3.40323 3.29564
0.0136065 3.61585
-1

3.40323 3.29564
0.00502525 3.57071
-1

3.40323 3.29564
3.55279 1.22361
-1

3.40323 3.29564
3.50475 1.06879
-1

3.40323 3.29564
3.50877 0.906741
-1

3.40323 3.29564
3.56442 0.754495
-1

3.40323 3.29564
3.66585 0.628053
-1

3.40323 3.29564
3.8024 0.540702
-1

3.40323 3.29564
3.95972 0.501625
-1

3.40323 3.29564
4.12127 0.514929
-1

3.40323 3.29564
6.12127 1.01493
-1

3.40323 3.29564
6.24774 1.06569
-1

3.40323 3.29564
6.3558 1.14871
-1

3.40323 3.29564
6.43744 1.25783
-1

3.40323 3.29564
6.48658 1.38494
-1

3.40323 3.29564
6.49958 1.52059
-1

3.40323 3.29564
6.47546 1.65472
-1

3.40323 3.29564
6.41603 1.77735
-1

3.40323 3.29564
5.41603 3.27735
-1

3.40323 3.29564
5.31604 3.38745
-1

3.40323 3.29564
5.18809 3.46327
-1

3.40323 3.29564
5.0435 3.4981
-1

3.40323 3.29564
4.89506 3.48886
1.50429

3.40323 3.29564
4.7559 3.43637
1.35997

3.40323 3.29564
4.63834 3.34526
1.23611

3.40323 3.29564
4.55279 3.22361
1.15181

3.40323 3.29564
8 2.5
-1

3.35163 3.35547
3.29125 3.40641
0.0789996

3.35163 3.35547
3.22361 3.44721
-1

3.35163 3.35547
1.22361 4.44721
-1

3.35163 3.35547
1.14068 4.4798
-1

3.35163 3.35547
1.05329 4.49715
-1

3.35163 3.35547
0.964202 4.49872
-1

3.35163 3.35547
0.876253 4.48444
-1

3.35163 3.35547
0.792234 4.45479
-1

3.35163 3.35547
0.714812 4.41069
-1

3.35163 3.35547
0.646447 4.35355
-1

3.35163 3.35547
0.146447 3.85355
-1

3.35163 3.35547
0.115484 3.8196
-1

3.35163 3.35547
0.0877677 3.78296
-1

3.35163 3.35547
0.0635331 3.74392
-1

3.35163 3.35547
0.0429844 3.70282
-1

3.35163 3.35547
0.0262952 3.66001
-1

3.35163 3.35547
0.0136065 3.61585
-1

3.35163 3.35547
0.00502525 3.57071
-1

3.35163 3.35547
3.55279 1.22361
-1

3.35163 3.35547
3.50475 1.06879
-1

3.35163 3.35547
3.50877 0.906741
-1

3.35163 3.35547
3.56442 0.754495
-1

3.35163 3.35547
3.66585 0.628053
-1

3.35163 3.35547
3.8024 0.540702
-1

3.35163 3.35547
3.95972 0.501625
-1

3.35163 3.35547
4.12127 0.514929
-1

3.35163 3.35547
6.12127 1.01493
-1

3.35163 3.35547
6.24774 1.06569
-1

3.35163 3.35547
6.3558 1.14871
-1

3.35163 3.35547
6.43744 1.25783
-1

3.35163 3.35547
6.48658 1.38494
-1

3.35163 3.35547
6.49958 1.52059
-1

3.35163 3.35547
6.47546 1.65472
-1

3.35163 3.35547
6.41603 1.77735
-1

3.35163 3.35547
5.41603 3.27735
-1

3.35163 3.35547
5.31604 3.38745
-1

3.35163 3.35547
5.18809 3.46327
-1

3.35163 3.35547
5.0435 3.4981
-1

3.35163 3.35547
4.89506 3.48886
1.54918

3.35163 3.35547
4.7559 3.43637
1.4066

3.35163 3.35547
4.63834 3.34526
1.28675

3.35163 3.35547
4.55279 3.22361
1.20837

3.35163 3.35547
8 2.5
-1

3.29125 3.40641
3.22361 3.44721
0.0789996

3.29125 3.40641
1.22361 4.44721
-1

3.29125 3.40641
1.14068 4.4798
-1

3.29125 3.40641
1.05329 4.49715
-1

3.29125 3.40641
0.964202 4.49872
-1

3.29125 3.40641
0.876253 4.48444
-1

3.29125 3.40641
0.792234 4.45479
-1

3.29125 3.40641
0.714812 4.41069
-1

3.29125 3.40641
0.646447 4.35355
-1

3.29125 3.40641
0.146447 3.85355
-1

3.29125 3.40641
0.115484 3.8196
-1

3.29125 3.40641
0.0877677 3.78296
-1

3.29125 3.40641
0.0635331 3.74392
-1

3.29125 3.40641
0.0429844 3.70282
-1

3.29125 3.40641
0.0262952 3.66001
-1

3.29125 3.40641
0.0136065 3.61585
-1

3.29125 3.40641
0.00502525 3.57071
-1

3.29125 3.40641
3.55279 1.22361
-1

3.29125 3.40641
3.50475 1.06879
-1

3.29125 3.40641
3.50877 0.906741
-1

3.29125 3.40641
3.56442 0.754495
-1

3.29125 3.40641
3.66585 0.628053
-1

3.29125 3.40641
3.8024 0.540702
-1

3.29125 3.40641
3.95972 0.501625
-1

3.29125 3.40641
4.12127 0.514929
-1

3.29125 3.40641
6.12127 1.01493
-1

3.29125 3.40641
6.24774 1.06569
-1

3.29125 3.40641
6.3558 1.14871
-1

3.29125 3.40641
6.43744 1.25783
-1

3.29125 3.40641
6.48658 1.38494
-1

3.29125 3.40641
6.49958 1.52059
-1

3.29125 3.40641
6.47546 1.65472
-1

3.29125 3.40641
6.41603 1.77735
-1

3.29125 3.40641
5.41603 3.27735
-1

3.29125 3.40641
5.31604 3.38745
-1

3.29125 3.40641
5.18809 3.46327
-1

3.29125 3.40641
5.0435 3.4981
1.75464

3.29125 3.40641
4.89506 3.48886
1.60592

3.29125 3.40641
4.7559 3.43637
1.46495

3.29125 3.40641
4.63834 3.34526
1.34848

3.29125 3.40641
4.55279 3.22361
1.27471

3.29125 3.40641
8 2.5
-1

3.22361 3.44721
1.22361 4.44721
2.23607

3.22361 3.44721
1.14068 4.4798
-1

3.22361 3.44721
1.05329 4.49715
-1

3.22361 3.44721
0.964202 4.49872
-1

3.22361 3.44721
0.876253 4.48444
-1

3.22361 3.44721
0.792234 4.45479
-1

3.22361 3.44721
0.714812 4.41069
-1

3.22361 3.44721
0.646447 4.35355
-1

3.22361 3.44721
0.146447 3.85355
-1

3.22361 3.44721
0.115484 3.8196
-1

3.22361 3.44721
0.0877677 3.78296
-1

3.22361 3.44721
0.0635331 3.74392
-1

3.22361 3.44721
0.0429844 3.70282
-1

3.22361 3.44721
0.0262952 3.66001
-1

3.22361 3.44721
0.0136065 3.61585
-1

3.22361 3.44721
0.00502525 3.57071
-1

3.22361 3.44721
3.55279 1.22361
-1

3.22361 3.44721
3.50475 1.06879
-1

3.22361 3.44721
3.50877 0.906741
-1

3.22361 3.44721
3.56442 0.754495
-1

3.22361 3.44721
3.66585 0.628053
-1

3.22361 3.44721
3.8024 0.540702
-1

3.22361 3.44721
3.95972 0.501625
-1

3.22361 3.44721
4.12127 0.514929
-1

3.22361 3.44721
6.12127 1.01493
-1

3.22361 3.44721
6.24774 1.06569
-1

3.22361 3.44721
6.3558 1.14871
-1

3.22361 3.44721
6.43744 1.25783
-1

3.22361 3.44721
6.48658 1.38494
-1

3.22361 3.44721
6.49958 1.52059
-1

3.22361 3.44721
6.47546 1.65472
-1

3.22361 3.44721
6.41603 1.77735
-1

3.22361 3.44721
5.41603 3.27735
-1

3.22361 3.44721
5.31604 3.38745
-1

3.22361 3.44721
5.18809 3.46327
-1

3.22361 3.44721
5.0435 3.4981
1.8206

3.22361 3.44721
4.89506 3.48886
1.67197

3.22361 3.44721
4.7559 3.43637
1.53233

3.22361 3.44721
4.63834 3.34526
1.41841

3.22361 3.44721
4.55279 3.22361
1.34786

3.22361 3.44721
8 2.5
-1

1.22361 4.44721
1.14068 4.4798
0.0890992

1.22361 4.44721
1.05329 4.49715
-1

1.22361 4.44721
0.964202 4.49872
-1

1.22361 4.44721
0.876253 4.48444
-1

1.22361 4.44721
0.792234 4.45479
-1

1.22361 4.44721
0.714812 4.41069
-1

1.22361 4.44721
0.646447 4.35355
-1

1.22361 4.44721
0.146447 3.85355
-1

1.22361 4.44721
0.115484 3.8196
-1

1.22361 4.44721
0.0877677 3.78296
-1

1.22361 4.44721
0.0635331 3.74392
-1

1.22361 4.44721
0.0429844 3.70282
-1

1.22361 4.44721
0.0262952 3.66001
-1

1.22361 4.44721
0.0136065 3.61585
-1

1.22361 4.44721
0.00502525 3.57071
-1

1.22361 4.44721
3.55279 1.22361
-1

1.22361 4.44721
3.50475 1.06879
-1

1.22361 4.44721
3.50877 0.906741
-1

1.22361 4.44721
3.56442 0.754495
-1

1.22361 4.44721
3.66585 0.628053
-1

1.22361 4.44721
3.8024 0.540702
-1

1.22361 4.44721
3.95972 0.501625
-1

1.22361 4.44721
4.12127 0.514929
-1

1.22361 4.44721
6.12127 1.01493
-1

1.22361 4.44721
6.24774 1.06569
-1

1.22361 4.44721
6.3558 1.14871
-1

1.22361 4.44721
6.43744 1.25783
-1

1.22361 4.44721
6.48658 1.38494
-1

1.22361 4.44721
6.49958 1.52059
-1

1.22361 4.44721
6.47546 1.65472
-1

1.22361 4.44721
6.41603 1.77735
-1

1.22361 4.44721
5.41603 3.27735
-1

1.22361 4.44721
5.31604 3.38745
-1

1.22361 4.44721
5.18809 3.46327
4.08476

1.22361 4.44721
5.0435 3.4981
3.93603

1.22361 4.44721
4.89506 3.48886
3.79447

1.22361 4.44721
4.7559 3.43637
3.67409

1.22361 4.44721
4.63834 3.34526
3.58814

1.22361 4.44721
4.55279 3.22361
3.54692

1.22361 4.44721
8 2.5
-1

1.14068 4.4798
1.05329 4.49715
0.0890992

1.14068 4.4798
0.964202 4.49872
-1

1.14068 4.4798
0.876253 4.48444
-1

1.14068 4.4798
0.792234 4.45479
-1

1.14068 4.4798
0.714812 4.41069
-1

1.14068 4.4798
0.646447 4.35355
-1

1.14068 4.4798
0.146447 3.85355
-1

1.14068 4.4798
0.115484 3.8196
-1

1.14068 4.4798
0.0877677 3.78296
-1

1.14068 4.4798
0.0635331 3.74392
-1

1.14068 4.4798
0.0429844 3.70282
-1

1.14068 4.4798
0.0262952 3.66001
-1

1.14068 4.4798
0.0136065 3.61585
-1

1.14068 4.4798
0.00502525 3.57071
-1

1.14068 4.4798
3.55279 1.22361
-1

1.14068 4.4798
3.50475 1.06879
-1

1.14068 4.4798
3.50877 0.906741
-1

1.14068 4.4798
3.56442 0.754495
-1

1.14068 4.4798
3.66585 0.628053
-1

1.14068 4.4798
3.8024 0.540702
-1

1.14068 4.4798
3.95972 0.501625
-1

1.14068 4.4798
4.12127 0.514929
-1

1.14068 4.4798
6.12127 1.01493
-1

1.14068 4.4798
6.24774 1.06569
-1

1.14068 4.4798
6.3558 1.14871
-1

1.14068 4.4798
6.43744 1.25783
-1

1.14068 4.4798
6.48658 1.38494
-1

1.14068 4.4798
6.49958 1.52059
-1

1.14068 4.4798
6.47546 1.65472
-1

1.14068 4.4798
6.41603 1.77735
-1

1.14068 4.4798
5.41603 3.27735
-1

1.14068 4.4798
5.31604 3.38745
-1

1.14068 4.4798
5.18809 3.46327
4.17311

1.14068 4.4798
5.0435 3.4981
4.02439

1.14068 4.4798
4.89506 3.48886
3.88295

1.14068 4.4798
4.7559 3.43637
3.76279

1.14068 4.4798
4.63834 3.34526
3.67707

1.14068 4.4798
4.55279 3.22361
3.636

1.14068 4.4798
8 2.5
-1

1.05329 4.49715
0.964202 4.49872
0.0890992

1.05329 4.49715
0.876253 4.48444
-1

1.05329 4.49715
0.792234 4.45479
-1

1.05329 4.49715
0.714812 4.41069
-1

1.05329 4.49715
0.646447 4.35355
-1

1.05329 4.49715
0.146447 3.85355
-1

1.05329 4.49715
0.115484 3.8196
-1

1.05329 4.49715
0.0877677 3.78296
-1

1.05329 4.49715
0.0635331 3.74392
-1

1.05329 4.49715
0.0429844 3.70282
-1

1.05329 4.49715
0.0262952 3.66001
-1

1.05329 4.49715
0.0136065 3.61585
-1

1.05329 4.49715
0.00502525 3.57071
-1

1.05329 4.49715
3.55279 1.22361
-1

1.05329 4.49715
3.50475 1.06879
-1

1.05329 4.49715
3.50877 0.906741
-1

1.05329 4.49715
3.56442 0.754495
-1

1.05329 4.49715
3.66585 0.628053
-1

1.05329 4.49715
3.8024 0.540702
-1

1.05329 4.49715
3.95972 0.501625
-1

1.05329 4.49715
4.12127 0.514929
-1

1.05329 4.49715
6.12127 1.01493
-1

1.05329 4.49715
6.24774 1.06569
-1

1.05329 4.49715
6.3558 1.14871
-1

1.05329 4.49715
6.43744 1.25783
-1

1.05329 4.49715
6.48658 1.38494
-1

1.05329 4.49715
6.49958 1.52059
-1

1.05329 4.49715
6.47546 1.65472
-1

1.05329 4.49715
6.41603 1.77735
-1

1.05329 4.49715
5.41603 3.27735
-1

1.05329 4.49715
5.31604 3.38745
-1

1.05329 4.49715
5.18809 3.46327
-1

1.05329 4.49715
5.0435 3.4981
-1

1.05329 4.49715
4.89506 3.48886
-1

1.05329 4.49715
4.7559 3.43637
-1

1.05329 4.49715
4.63834 3.34526
-1

1.05329 4.49715
4.55279 3.22361
-1

1.05329 4.49715
8 2.5
-1

0.964202 4.49872
0.876253 4.48444
0.0890992

0.964202 4.49872
0.792234 4.45479
-1

0.964202 4.49872
0.714812 4.41069
-1

0.964202 4.49872
0.646447 4.35355
-1

0.964202 4.49872
0.146447 3.85355
-1

0.964202 4.49872
0.115484 3.8196
-1

0.964202 4.49872
0.0877677 3.78296
-1

0.964202 4.49872
0.0635331 3.74392
-1

0.964202 4.49872
0.0429844 3.70282
-1

0.964202 4.49872
0.0262952 3.66001
-1

0.964202 4.49872
0.0136065 3.61585
-1

0.964202 4.49872
0.00502525 3.57071
-1

0.964202 4.49872
3.55279 1.22361
-1

0.964202 4.49872
3.50475 1.06879
-1

0.964202 4.49872
3.50877 0.906741
-1

0.964202 4.49872
3.56442 0.754495
-1

0.964202 4.49872
3.66585 0.628053
-1

0.964202 4.49872
3.8024 0.540702
-1

0.964202 4.49872
3.95972 0.501625
-1

0.964202 4.49872
4.12127 0.514929
-1

0.964202 4.49872
6.12127 1.01493
-1

0.964202 4.49872
6.24774 1.06569
-1

0.964202 4.49872
6.3558 1.14871
-1

0.964202 4.49872
6.43744 1.25783
-1

0.964202 4.49872
6.48658 1.38494
-1

0.964202 4.49872
6.49958 1.52059
-1

0.964202 4.49872
6.47546 1.65472
-1

0.964202 4.49872
6.41603 1.77735
-1

0.964202 4.49872
5.41603 3.27735
-1

0.964202 4.49872
5.31604 3.38745
-1

0.964202 4.49872
5.18809 3.46327
-1

0.964202 4.49872
5.0435 3.4981
-1

0.964202 4.49872
4.89506 3.48886
-1

0.964202 4.49872
4.7559 3.43637
-1

0.964202 4.49872
4.63834 3.34526
-1

0.964202 4.49872
4.55279 3.22361
-1

0.964202 4.49872
8 2.5
-1

0.876253 4.48444
0.792234 4.45479
0.0890992

0.876253 4.48444
0.714812 4.41069
-1

0.876253 4.48444
0.646447 4.35355
-1

0.876253 4.48444
0.146447 3.85355
-1

0.876253 4.48444
0.115484 3.8196
-1

0.876253 4.48444
0.0877677 3.78296
-1

0.876253 4.48444
0.0635331 3.74392
-1

0.876253 4.48444
0.0429844 3.70282
-1

0.876253 4.48444
0.0262952 3.66001
-1

0.876253 4.48444
0.0136065 3.61585
-1

0.876253 4.48444
0.00502525 3.57071
-1

0.876253 4.48444
3.55279 1.22361
-1

0.876253 4.48444
3.50475 1.06879
-1

0.876253 4.48444
3.50877 0.906741
-1

0.876253 4.48444
3.56442 0.754495
-1

0.876253 4.48444
3.66585 0.628053
-1

0.876253 4.48444
3.8024 0.540702
-1

0.876253 4.48444
3.95972 0.501625
-1

0.876253 4.48444
4.12127 0.514929
-1

0.876253 4.48444
6.12127 1.01493
-1

0.876253 4.48444
6.24774 1.06569
-1

0.876253 4.48444
6.3558 1.14871
-1

0.876253 4.48444
6.43744 1.25783
-1

0.876253 4.48444
6.48658 1.38494
-1

0.876253 4.48444
6.49958 1.52059
-1

0.876253 4.48444
6.47546 1.65472
-1

0.876253 4.48444
6.41603 1.77735
-1

0.876253 4.48444
5.41603 3.27735
-1

0.876253 4.48444
5.31604 3.38745
-1

0.876253 4.48444
5.18809 3.46327
-1

0.876253 4.48444
5.0435 3.4981
-1

0.876253 4.48444
4.89506 3.48886
-1

0.876253 4.48444
4.7559 3.43637
-1

0.876253 4.48444
4.63834 3.34526
-1

0.876253 4.48444
4.55279 3.22361
-1

0.876253 4.48444
8 2.5
-1

0.792234 4.45479
0.714812 4.41069
0.0890992

0.792234 4.45479
0.646447 4.35355
-1

0.792234 4.45479
0.146447 3.85355
-1

0.792234 4.45479
0.115484 3.8196
-1

0.792234 4.45479
0.0877677 3.78296
-1

0.792234 4.45479
0.0635331 3.74392
-1

0.792234 4.45479
0.0429844 3.70282
-1

0.792234 4.45479
0.0262952 3.66001
-1

0.792234 4.45479
0.0136065 3.61585
-1

0.792234 4.45479
0.00502525 3.57071
-1

0.792234 4.45479
3.55279 1.22361
-1

0.792234 4.45479
3.50475 1.06879
-1

0.792234 4.45479
3.50877 0.906741
-1

0.792234 4.45479
3.56442 0.754495
-1

0.792234 4.45479
3.66585 0.628053
-1

0.792234 4.45479
3.8024 0.540702
-1

0.792234 4.45479
3.95972 0.501625
-1

0.792234 4.45479
4.12127 0.514929
-1

0.792234 4.45479
6.12127 1.01493
-1

0.792234 4.45479
6.24774 1.06569
-1

0.792234 4.45479
6.3558 1.14871
-1

0.792234 4.45479
6.43744 1.25783
-1

0.792234 4.45479
6.48658 1.38494
-1

0.792234 4.45479
6.49958 1.52059
-1

0.792234 4.45479
6.47546 1.65472
-1

0.792234 4.45479
6.41603 1.77735
-1

0.792234 4.45479
5.41603 3.27735
-1

0.792234 4.45479
5.31604 3.38745
-1

0.792234 4.45479
5.18809 3.46327
-1

0.792234 4.45479
5.0435 3.4981
-1

0.792234 4.45479
4.89506 3.48886
-1

0.792234 4.45479
4.7559 3.43637
-1

0.792234 4.45479
4.63834 3.34526
-1

0.792234 4.45479
4.55279 3.22361
-1

0.792234 4.45479
8 2.5
-1

0.714812 4.41069
0.646447 4.35355
0.0890992

0.714812 4.41069
0.146447 3.85355
-1

0.714812 4.41069
0.115484 3.8196
-1

0.714812 4.41069
0.0877677 3.78296
-1

0.714812 4.41069
0.0635331 3.74392
-1

0.714812 4.41069
0.0429844 3.70282
-1

0.714812 4.41069
0.0262952 3.66001
-1

0.714812 4.41069
0.0136065 3.61585
-1

0.714812 4.41069
0.00502525 3.57071
-1

0.714812 4.41069
3.55279 1.22361
-1

0.714812 4.41069
3.50475 1.06879
-1

0.714812 4.41069
3.50877 0.906741
-1

0.714812 4.41069
3.56442 0.754495
-1

0.714812 4.41069
3.66585 0.628053
-1

0.714812 4.41069
3.8024 0.540702
-1

0.714812 4.41069
3.95972 0.501625
-1

0.714812 4.41069
4.12127 0.514929
-1

0.714812 4.41069
6.12127 1.01493
-1

0.714812 4.41069
6.24774 1.06569
-1

0.714812 4.41069
6.3558 1.14871
-1

0.714812 4.41069
6.43744 1.25783
-1

0.714812 4.41069
6.48658 1.38494
-1

0.714812 4.41069
6.49958 1.52059
-1

0.714812 4.41069
6.47546 1.65472
-1

0.714812 4.41069
6.41603 1.77735
-1

0.714812 4.41069
5.41603 3.27735
-1

0.714812 4.41069
5.31604 3.38745
-1

0.714812 4.41069
5.18809 3.46327
-1

0.714812 4.41069
5.0435 3.4981
-1

0.714812 4.41069
4.89506 3.48886
-1

0.714812 4.41069
4.7559 3.43637
-1

0.714812 4.41069
4.63834 3.34526
-1

0.714812 4.41069
4.55279 3.22361
-1

0.714812 4.41069
8 2.5
-1

0.646447 4.35355
0.146447 3.85355
0.707107

0.646447 4.35355
0.115484 3.8196
-1

0.646447 4.35355
0.0877677 3.78296
-1

0.646447 4.35355
0.0635331 3.74392
-1

0.646447 4.35355
0.0429844 3.70282
-1

0.646447 4.35355
0.0262952 3.66001
-1

0.646447 4.35355
0.0136065 3.61585
-1

0.646447 4.35355
0.00502525 3.57071
-1

0.646447 4.35355
3.55279 1.22361
-1

0.646447 4.35355
3.50475 1.06879
-1

0.646447 4.35355
3.50877 0.906741
-1

0.646447 4.35355
3.56442 0.754495
-1

0.646447 4.35355
3.66585 0.628053
-1

0.646447 4.35355
3.8024 0.540702
-1

0.646447 4.35355
3.95972 0.501625
-1

0.646447 4.35355
4.12127 0.514929
-1

0.646447 4.35355
6.12127 1.01493
-1

0.646447 4.35355
6.24774 1.06569
-1

0.646447 4.35355
6.3558 1.14871
-1

0.646447 4.35355
6.43744 1.25783
-1

0.646447 4.35355
6.48658 1.38494
-1

0.646447 4.35355
6.49958 1.52059
-1

0.646447 4.35355
6.47546 1.65472
-1

0.646447 4.35355
6.41603 1.77735
-1

0.646447 4.35355
5.41603 3.27735
-1

0.646447 4.35355
5.31604 3.38745
-1

0.646447 4.35355
5.18809 3.46327
-1

0.646447 4.35355
5.0435 3.4981
-1

0.646447 4.35355
4.89506 3.48886
-1

0.646447 4.35355
4.7559 3.43637
-1

0.646447 4.35355
4.63834 3.34526
-1

0.646447 4.35355
4.55279 3.22361
-1

0.646447 4.35355
8 2.5
-1

0.146447 3.85355
0.115484 3.8196
0.0459482

0.146447 3.85355
0.0877677 3.78296
-1

0.146447 3.85355
0.0635331 3.74392
-1

0.146447 3.85355
0.0429844 3.70282
-1

0.146447 3.85355
0.0262952 3.66001
-1

0.146447 3.85355
0.0136065 3.61585
-1

0.146447 3.85355
0.00502525 3.57071
-1

0.146447 3.85355
3.55279 1.22361
-1

0.146447 3.85355
3.50475 1.06879
-1

0.146447 3.85355
3.50877 0.906741
-1

0.146447 3.85355
3.56442 0.754495
-1

0.146447 3.85355
3.66585 0.628053
-1

0.146447 3.85355
3.8024 0.540702
-1

0.146447 3.85355
3.95972 0.501625
-1

0.146447 3.85355
4.12127 0.514929
-1

0.146447 3.85355
6.12127 1.01493
-1

0.146447 3.85355
6.24774 1.06569
-1

0.146447 3.85355
6.3558 1.14871
-1

0.146447 3.85355
6.43744 1.25783
-1

0.146447 3.85355
6.48658 1.38494
-1

0.146447 3.85355
6.49958 1.52059
-1

0.146447 3.85355
6.47546 1.65472
-1

0.146447 3.85355
6.41603 1.77735
-1

0.146447 3.85355
5.41603 3.27735
-1

0.146447 3.85355
5.31604 3.38745
-1

0.146447 3.85355
5.18809 3.46327
-1

0.146447 3.85355
5.0435 3.4981
-1

0.146447 3.85355
4.89506 3.48886
-1

0.146447 3.85355
4.7559 3.43637
-1

0.146447 3.85355
4.63834 3.34526
-1

0.146447 3.85355
4.55279 3.22361
-1

0.146447 3.85355
8 2.5
-1

0.115484 3.8196
0.0877677 3.78296
0.0459482

0.115484 3.8196
0.0635331 3.74392
-1

0.115484 3.8196
0.0429844 3.70282
-1

0.115484 3.8196
0.0262952 3.66001
-1

0.115484 3.8196
0.0136065 3.61585
-1

0.115484 3.8196
0.00502525 3.57071
-1

0.115484 3.8196
3.55279 1.22361
-1

0.115484 3.8196
3.50475 1.06879
-1

0.115484 3.8196
3.50877 0.906741
-1

0.115484 3.8196
3.56442 0.754495
-1

0.115484 3.8196
3.66585 0.628053
-1

0.115484 3.8196
3.8024 0.540702
-1

0.115484 3.8196
3.95972 0.501625
-1

0.115484 3.8196
4.12127 0.514929
-1

0.115484 3.8196
6.12127 1.01493
-1

0.115484 3.8196
6.24774 1.06569
-1

0.115484 3.8196
6.3558 1.14871
-1

0.115484 3.8196
6.43744 1.25783
-1

0.115484 3.8196
6.48658 1.38494
-1

0.115484 3.8196
6.49958 1.52059
-1

0.115484 3.8196
6.47546 1.65472
-1

0.115484 3.8196
6.41603 1.77735
-1

0.115484 3.8196
5.41603 3.27735
-1

0.115484 3.8196
5.31604 3.38745
-1

0.115484 3.8196
5.18809 3.46327
-1

0.115484 3.8196
5.0435 3.4981
-1

0.115484 3.8196
4.89506 3.48886
-1

0.115484 3.8196
4.7559 3.43637
-1

0.115484 3.8196
4.63834 3.34526
-1

0.115484 3.8196
4.55279 3.22361
-1

0.115484 3.8196
8 2.5
-1

0.0877677 3.78296
0.0635331 3.74392
0.0459482

0.0877677 3.78296
0.0429844 3.70282
-1

0.0877677 3.78296
0.0262952 3.66001
-1

0.0877677 3.78296
0.0136065 3.61585
-1

0.0877677 3.78296
0.00502525 3.57071
-1

0.0877677 3.78296
3.55279 1.22361
-1

0.0877677 3.78296
3.50475 1.06879
-1

0.0877677 3.78296
3.50877 0.906741
-1

0.0877677 3.78296
3.56442 0.754495
-1

0.0877677 3.78296
3.66585 0.628053
-1

0.0877677 3.78296
3.8024 0.540702
-1

0.0877677 3.78296
3.95972 0.501625
-1

0.0877677 3.78296
4.12127 0.514929
-1

0.0877677 3.78296
6.12127 1.01493
-1

0.0877677 3.78296
6.24774 1.06569
-1

0.0877677 3.78296
6.3558 1.14871
-1

0.0877677 3.78296
6.43744 1.25783
-1

0.0877677 3.78296
6.48658 1.38494
-1

0.0877677 3.78296
6.49958 1.52059
-1

0.0877677 3.78296
6.47546 1.65472
-1

0.0877677 3.78296
6.41603 1.77735
-1

0.0877677 3.78296
5.41603 3.27735
-1

0.0877677 3.78296
5.31604 3.38745
-1

0.0877677 3.78296
5.18809 3.46327
-1

0.0877677 3.78296
5.0435 3.4981
-1

0.0877677 3.78296
4.89506 3.48886
-1

0.0877677 3.78296
4.7559 3.43637
-1

0.0877677 3.78296
4.63834 3.34526
-1

0.0877677 3.78296
4.55279 3.22361
-1

0.0877677 3.78296
8 2.5
-1

0.0635331 3.74392
0.0429844 3.70282
0.0459482

0.0635331 3.74392
0.0262952 3.66001
-1

0.0635331 3.74392
0.0136065 3.61585
-1

0.0635331 3.74392
0.00502525 3.57071
-1

0.0635331 3.74392
3.55279 1.22361
-1

0.0635331 3.74392
3.50475 1.06879
-1

0.0635331 3.74392
3.50877 0.906741
-1

0.0635331 3.74392
3.56442 0.754495
-1

0.0635331 3.74392
3.66585 0.628053
-1

0.0635331 3.74392
3.8024 0.540702
-1

0.0635331 3.74392
3.95972 0.501625
-1

0.0635331 3.74392
4.12127 0.514929
-1

0.0635331 3.74392
6.12127 1.01493
-1

0.0635331 3.74392
6.24774 1.06569
-1

0.0635331 3.74392
6.3558 1.14871
-1

0.0635331 3.74392
6.43744 1.25783
-1

0.0635331 3.74392
6.48658 1.38494
-1

0.0635331 3.74392
6.49958 1.52059
-1

0.0635331 3.74392
6.47546 1.65472
-1

0.0635331 3.74392
6.41603 1.77735
-1

0.0635331 3.74392
5.41603 3.27735
-1

0.0635331 3.74392
5.31604 3.38745
-1

0.0635331 3.74392
5.18809 3.46327
-1

0.0635331 3.74392
5.0435 3.4981
-1

0.0635331 3.74392
4.89506 3.48886
-1

0.0635331 3.74392
4.7559 3.43637
-1

0.0635331 3.74392
4.63834 3.34526
-1

0.0635331 3.74392
4.55279 3.22361
-1

0.0635331 3.74392
8 2.5
-1

0.0429844 3.70282
0.0262952 3.66001
0.0459482

0.0429844 3.70282
0.0136065 3.61585
-1

0.0429844 3.70282
0.00502525 3.57071
-1

0.0429844 3.70282
3.55279 1.22361
-1

0.0429844 3.70282
3.50475 1.06879
-1

0.0429844 3.70282
3.50877 0.906741
-1

0.0429844 3.70282
3.56442 0.754495
-1

0.0429844 3.70282
3.66585 0.628053
-1

0.0429844 3.70282
3.8024 0.540702
-1

0.0429844 3.70282
3.95972 0.501625
-1

0.0429844 3.70282
4.12127 0.514929
-1

0.0429844 3.70282
6.12127 1.01493
-1

0.0429844 3.70282
6.24774 1.06569
-1

0.0429844 3.70282
6.3558 1.14871
-1

0.0429844 3.70282
6.43744 1.25783
-1

0.0429844 3.70282
6.48658 1.38494
-1

0.0429844 3.70282
6.49958 1.52059
-1

0.0429844 3.70282
6.47546 1.65472
-1

0.0429844 3.70282
6.41603 1.77735
-1

0.0429844 3.70282
5.41603 3.27735
-1

0.0429844 3.70282
5.31604 3.38745
-1

0.0429844 3.70282
5.18809 3.46327
-1

0.0429844 3.70282
5.0435 3.4981
-1

0.0429844 3.70282
4.89506 3.48886
-1

0.0429844 3.70282
4.7559 3.43637
-1

0.0429844 3.70282
4.63834 3.34526
-1

0.0429844 3.70282
4.55279 3.22361
-1

0.0429844 3.70282
8 2.5
-1

0.0262952 3.66001
0.0136065 3.61585
0.0459482

0.0262952 3.66001
0.00502525 3.57071
-1

0.0262952 3.66001
3.55279 1.22361
-1

0.0262952 3.66001
3.50475 1.06879
-1

0.0262952 3.66001
3.50877 0.906741
-1

0.0262952 3.66001
3.56442 0.754495
-1

0.0262952 3.66001
3.66585 0.628053
-1

0.0262952 3.66001
3.8024 0.540702
-1

0.0262952 3.66001
3.95972 0.501625
-1

0.0262952 3.66001
4.12127 0.514929
-1

0.0262952 3.66001
6.12127 1.01493
-1

0.0262952 3.66001
6.24774 1.06569
-1

0.0262952 3.66001
6.3558 1.14871
-1

0.0262952 3.66001
6.43744 1.25783
-1

0.0262952 3.66001
6.48658 1.38494
-1

0.0262952 3.66001
6.49958 1.52059
-1

0.0262952 3.66001
6.47546 1.65472
-1

0.0262952 3.66001
6.41603 1.77735
-1

0.0262952 3.66001
5.41603 3.27735
-1

0.0262952 3.66001
5.31604 3.38745
-1

0.0262952 3.66001
5.18809 3.46327
-1

0.0262952 3.66001
5.0435 3.4981
-1

0.0262952 3.66001
4.89506 3.48886
-1

0.0262952 3.66001
4.7559 3.43637
-1

0.0262952 3.66001
4.63834 3.34526
-1

0.0262952 3.66001
4.55279 3.22361
-1

0.0262952 3.66001
8 2.5
-1

0.0136065 3.61585
0.00502525 3.57071
0.0459482

0.0136065 3.61585
3.55279 1.22361
-1

0.0136065 3.61585
3.50475 1.06879
-1

0.0136065 3.61585
3.50877 0.906741
-1

0.0136065 3.61585
3.56442 0.754495
-1

0.0136065 3.61585
3.66585 0.628053
-1

0.0136065 3.61585
3.8024 0.540702
-1

0.0136065 3.61585
3.95972 0.501625
-1

0.0136065 3.61585
4.12127 0.514929
-1

0.0136065 3.61585
6.12127 1.01493
-1

0.0136065 3.61585
6.24774 1.06569
-1

0.0136065 3.61585
6.3558 1.14871
-1

0.0136065 3.61585
6.43744 1.25783
-1

0.0136065 3.61585
6.48658 1.38494
-1

0.0136065 3.61585
6.49958 1.52059
-1

0.0136065 3.61585
6.47546 1.65472
-1

0.0136065 3.61585
6.41603 1.77735
-1

0.0136065 3.61585
5.41603 3.27735
-1

0.0136065 3.61585
5.31604 3.38745
-1

0.0136065 3.61585
5.18809 3.46327
-1

0.0136065 3.61585
5.0435 3.4981
-1

0.0136065 3.61585
4.89506 3.48886
-1

0.0136065 3.61585
4.7559 3.43637
-1

0.0136065 3.61585
4.63834 3.34526
-1

0.0136065 3.61585
4.55279 3.22361
-1

0.0136065 3.61585
8 2.5
-1

0.00502525 3.57071
3.55279 1.22361
-1

0.00502525 3.57071
3.50475 1.06879
-1

0.00502525 3.57071
3.50877 0.906741
-1

0.00502525 3.57071
3.56442 0.754495
-1

0.00502525 3.57071
3.66585 0.628053
-1

0.00502525 3.57071
3.8024 0.540702
-1

0.00502525 3.57071
3.95972 0.501625
-1

0.00502525 3.57071
4.12127 0.514929
-1

0.00502525 3.57071
6.12127 1.01493
-1

0.00502525 3.57071
6.24774 1.06569
-1

0.00502525 3.57071
6.3558 1.14871
-1

0.00502525 3.57071
6.43744 1.25783
-1

0.00502525 3.57071
6.48658 1.38494
-1

0.00502525 3.57071
6.49958 1.52059
-1

0.00502525 3.57071
6.47546 1.65472
-1

0.00502525 3.57071
6.41603 1.77735
-1

0.00502525 3.57071
5.41603 3.27735
-1

0.00502525 3.57071
5.31604 3.38745
-1

0.00502525 3.57071
5.18809 3.46327
-1

0.00502525 3.57071
5.0435 3.4981
-1

0.00502525 3.57071
4.89506 3.48886
-1

0.00502525 3.57071
4.7559 3.43637
-1

0.00502525 3.57071
4.63834 3.34526
-1

0.00502525 3.57071
4.55279 3.22361
-1

0.00502525 3.57071
8 2.5
-1

3.55279 1.22361
3.50475 1.06879
0.162098

3.55279 1.22361
3.50877 0.906741
-1

3.55279 1.22361
3.56442 0.754495
-1

3.55279 1.22361
3.66585 0.628053
-1

3.55279 1.22361
3.8024 0.540702
-1

3.55279 1.22361
3.95972 0.501625
-1

3.55279 1.22361
4.12127 0.514929
-1

3.55279 1.22361
6.12127 1.01493
-1

3.55279 1.22361
6.24774 1.06569
-1

3.55279 1.22361
6.3558 1.14871
-1

3.55279 1.22361
6.43744 1.25783
-1

3.55279 1.22361
6.48658 1.38494
-1

3.55279 1.22361
6.49958 1.52059
-1

3.55279 1.22361
6.47546 1.65472
-1

3.55279 1.22361
6.41603 1.77735
-1

3.55279 1.22361
5.41603 3.27735
-1

3.55279 1.22361
5.31604 3.38745
-1

3.55279 1.22361
5.18809 3.46327
-1

3.55279 1.22361
5.0435 3.4981
-1

3.55279 1.22361
4.89506 3.48886
-1

3.55279 1.22361
4.7559 3.43637
-1

3.55279 1.22361
4.63834 3.34526
-1

3.55279 1.22361
4.55279 3.22361
2.23607

3.55279 1.22361
8 2.5
-1

3.50475 1.06879
3.50877 0.906741
0.162098

3.50475 1.06879
3.56442 0.754495
-1

3.50475 1.06879
3.66585 0.628053
-1

3.50475 1.06879
3.8024 0.540702
-1

3.50475 1.06879
3.95972 0.501625
-1

3.50475 1.06879
4.12127 0.514929
-1

3.50475 1.06879
6.12127 1.01493
-1

3.50475 1.06879
6.24774 1.06569
-1

3.50475 1.06879
6.3558 1.14871
-1

3.50475 1.06879
6.43744 1.25783
-1

3.50475 1.06879
6.48658 1.38494
-1

3.50475 1.06879
6.49958 1.52059
-1

3.50475 1.06879
6.47546 1.65472
-1

3.50475 1.06879
6.41603 1.77735
-1

3.50475 1.06879
5.41603 3.27735
-1

3.50475 1.06879
5.31604 3.38745
-1

3.50475 1.06879
5.18809 3.46327
-1

3.50475 1.06879
5.0435 3.4981
-1

3.50475 1.06879
4.89506 3.48886
-1

3.50475 1.06879
4.7559 3.43637
-1

3.50475 1.06879
4.63834 3.34526
-1

3.50475 1.06879
4.55279 3.22361
-1

3.50475 1.06879
8 2.5
-1

3.50877 0.906741
3.56442 0.754495
0.162098

3.50877 0.906741
3.66585 0.628053
-1

3.50877 0.906741
3.8024 0.540702
-1

3.50877 0.906741
3.95972 0.501625
-1

3.50877 0.906741
4.12127 0.514929
-1

3.50877 0.906741
6.12127 1.01493
-1

3.50877 0.906741
6.24774 1.06569
-1

3.50877 0.906741
6.3558 1.14871
-1

3.50877 0.906741
6.43744 1.25783
-1

3.50877 0.906741
6.48658 1.38494
-1

3.50877 0.906741
6.49958 1.52059
-1

3.50877 0.906741
6.47546 1.65472
-1

3.50877 0.906741
6.41603 1.77735
-1

3.50877 0.906741
5.41603 3.27735
-1

3.50877 0.906741
5.31604 3.38745
-1

3.50877 0.906741
5.18809 3.46327
-1

3.50877 0.906741
5.0435 3.4981
-1

3.50877 0.906741
4.89506 3.48886
-1

3.50877 0.906741
4.7559 3.43637
-1

3.50877 0.906741
4.63834 3.34526
-1

3.50877 0.906741
4.55279 3.22361
-1

3.50877 0.906741
8 2.5
-1

3.56442 0.754495
3.66585 0.628053
0.162098

3.56442 0.754495
3.8024 0.540702
-1

3.56442 0.754495
3.95972 0.501625
-1

3.56442 0.754495
4.12127 0.514929
-1

3.56442 0.754495
6.12127 1.01493
-1

3.56442 0.754495
6.24774 1.06569
-1

3.56442 0.754495
6.3558 1.14871
-1

3.56442 0.754495
6.43744 1.25783
-1

3.56442 0.754495
6.48658 1.38494
-1

3.56442 0.754495
6.49958 1.52059
-1

3.56442 0.754495
6.47546 1.65472
-1

3.56442 0.754495
6.41603 1.77735
-1

3.56442 0.754495
5.41603 3.27735
-1

3.56442 0.754495
5.31604 3.38745
-1

3.56442 0.754495
5.18809 3.46327
-1

3.56442 0.754495
5.0435 3.4981
-1

3.56442 0.754495
4.89506 3.48886
-1

3.56442 0.754495
4.7559 3.43637
-1

3.56442 0.754495
4.63834 3.34526
-1

3.56442 0.754495
4.55279 3.22361
-1

3.56442 0.754495
8 2.5
-1

3.66585 0.628053
3.8024 0.540702
0.162098

3.66585 0.628053
3.95972 0.501625
-1

3.66585 0.628053
4.12127 0.514929
-1

3.66585 0.628053
6.12127 1.01493
-1

3.66585 0.628053
6.24774 1.06569
-1

3.66585 0.628053
6.3558 1.14871
-1

3.66585 0.628053
6.43744 1.25783
-1

3.66585 0.628053
6.48658 1.38494
-1

3.66585 0.628053
6.49958 1.52059
-1

3.66585 0.628053
6.47546 1.65472
-1

3.66585 0.628053
6.41603 1.77735
-1

3.66585 0.628053
5.41603 3.27735
-1

3.66585 0.628053
5.31604 3.38745
-1

3.66585 0.628053
5.18809 3.46327
-1

3.66585 0.628053
5.0435 3.4981
-1

3.66585 0.628053
4.89506 3.48886
-1

3.66585 0.628053
4.7559 3.43637
-1

3.66585 0.628053
4.63834 3.34526
-1

3.66585 0.628053
4.55279 3.22361
-1

3.66585 0.628053
8 2.5
-1

3.8024 0.540702
3.95972 0.501625
0.162098

3.8024 0.540702
4.12127 0.514929
-1

3.8024 0.540702
6.12127 1.01493
-1

3.8024 0.540702
6.24774 1.06569
-1

3.8024 0.540702
6.3558 1.14871
-1

3.8024 0.540702
6.43744 1.25783
-1

3.8024 0.540702
6.48658 1.38494
-1

3.8024 0.540702
6.49958 1.52059
-1

3.8024 0.540702
6.47546 1.65472
-1

3.8024 0.540702
6.41603 1.77735
-1

3.8024 0.540702
5.41603 3.27735
-1

3.8024 0.540702
5.31604 3.38745
-1

3.8024 0.540702
5.18809 3.46327
-1

3.8024 0.540702
5.0435 3.4981
-1

3.8024 0.540702
4.89506 3.48886
-1

3.8024 0.540702
4.7559 3.43637
-1

3.8024 0.540702
4.63834 3.34526
-1

3.8024 0.540702
4.55279 3.22361
-1

3.8024 0.540702
8 2.5
-1

3.95972 0.501625
4.12127 0.514929
0.162098

3.95972 0.501625
6.12127 1.01493
-1

3.95972 0.501625
6.24774 1.06569
-1

3.95972 0.501625
6.3558 1.14871
-1

3.95972 0.501625
6.43744 1.25783
-1

3.95972 0.501625
6.48658 1.38494
-1

3.95972 0.501625
6.49958 1.52059
-1

3.95972 0.501625
6.47546 1.65472
-1

3.95972 0.501625
6.41603 1.77735
-1

3.95972 0.501625
5.41603 3.27735
-1

3.95972 0.501625
5.31604 3.38745
-1

3.95972 0.501625
5.18809 3.46327
-1

3.95972 0.501625
5.0435 3.4981
-1

3.95972 0.501625
4.89506 3.48886
-1

3.95972 0.501625
4.7559 3.43637
-1

3.95972 0.501625
4.63834 3.34526
-1

3.95972 0.501625
4.55279 3.22361
-1

3.95972 0.501625
8 2.5
-1

4.12127 0.514929
6.12127 1.01493
2.06155

4.12127 0.514929
6.24774 1.06569
-1

4.12127 0.514929
6.3558 1.14871
-1

4.12127 0.514929
6.43744 1.25783
-1

4.12127 0.514929
6.48658 1.38494
-1

4.12127 0.514929
6.49958 1.52059
-1

4.12127 0.514929
6.47546 1.65472
-1

4.12127 0.514929
6.41603 1.77735
-1

4.12127 0.514929
5.41603 3.27735
-1

4.12127 0.514929
5.31604 3.38745
-1

4.12127 0.514929
5.18809 3.46327
-1

4.12127 0.514929
5.0435 3.4981
-1

4.12127 0.514929
4.89506 3.48886
-1

4.12127 0.514929
4.7559 3.43637
-1

4.12127 0.514929
4.63834 3.34526
-1

4.12127 0.514929
4.55279 3.22361
-1

4.12127 0.514929
8 2.5
-1

6.12127 1.01493
6.24774 1.06569
0.136276

6.12127 1.01493
6.3558 1.14871
-1

6.12127 1.01493
6.43744 1.25783
-1

6.12127 1.01493
6.48658 1.38494
-1

6.12127 1.01493
6.49958 1.52059
-1

6.12127 1.01493
6.47546 1.65472
-1

6.12127 1.01493
6.41603 1.77735
-1

6.12127 1.01493
5.41603 3.27735
-1

6.12127 1.01493
5.31604 3.38745
-1

6.12127 1.01493
5.18809 3.46327
-1

6.12127 1.01493
5.0435 3.4981
-1

6.12127 1.01493
4.89506 3.48886
-1

6.12127 1.01493
4.7559 3.43637
-1

6.12127 1.01493
4.63834 3.34526
-1

6.12127 1.01493
4.55279 3.22361
-1

6.12127 1.01493
8 2.5
-1

6.24774 1.06569
6.3558 1.14871
0.136276

6.24774 1.06569
6.43744 1.25783
-1

6.24774 1.06569
6.48658 1.38494
-1

6.24774 1.06569
6.49958 1.52059
-1

6.24774 1.06569
6.47546 1.65472
-1

6.24774 1.06569
6.41603 1.77735
-1

6.24774 1.06569
5.41603 3.27735
-1

6.24774 1.06569
5.31604 3.38745
-1

6.24774 1.06569
5.18809 3.46327
-1

6.24774 1.06569
5.0435 3.4981
-1

6.24774 1.06569
4.89506 3.48886
-1

6.24774 1.06569
4.7559 3.43637
-1

6.24774 1.06569
4.63834 3.34526
-1

6.24774 1.06569
4.55279 3.22361
-1

6.24774 1.06569
8 2.5
-1

6.3558 1.14871
6.43744 1.25783
0.136276

6.3558 1.14871
6.48658 1.38494
-1

6.3558 1.14871
6.49958 1.52059
-1

6.3558 1.14871
6.47546 1.65472
-1

6.3558 1.14871
6.41603 1.77735
-1

6.3558 1.14871
5.41603 3.27735
-1

6.3558 1.14871
5.31604 3.38745
-1

6.3558 1.14871
5.18809 3.46327
-1

6.3558 1.14871
5.0435 3.4981
-1

6.3558 1.14871
4.89506 3.48886
-1

6.3558 1.14871
4.7559 3.43637
-1

6.3558 1.14871
4.63834 3.34526
-1

6.3558 1.14871
4.55279 3.22361
-1

6.3558 1.14871
8 2.5
2.12823

6.43744 1.25783
6.48658 1.38494
0.136276

6.43744 1.25783
6.49958 1.52059
-1

6.43744 1.25783
6.47546 1.65472
-1

6.43744 1.25783
6.41603 1.77735
-1

6.43744 1.25783
5.41603 3.27735
-1

6.43744 1.25783
5.31604 3.38745
-1

6.43744 1.25783
5.18809 3.46327
-1

6.43744 1.25783
5.0435 3.4981
-1

6.43744 1.25783
4.89506 3.48886
-1

6.43744 1.25783
4.7559 3.43637
-1

6.43744 1.25783
4.63834 3.34526
-1

6.43744 1.25783
4.55279 3.22361
-1

6.43744 1.25783
8 2.5
1.99614

6.48658 1.38494
6.49958 1.52059
0.136276

6.48658 1.38494
6.47546 1.65472
-1

6.48658 1.38494
6.41603 1.77735
-1

6.48658 1.38494
5.41603 3.27735
-1

6.48658 1.38494
5.31604 3.38745
-1

6.48658 1.38494
5.18809 3.46327
-1

6.48658 1.38494
5.0435 3.4981
-1

6.48658 1.38494
4.89506 3.48886
-1

6.48658 1.38494
4.7559 3.43637
-1

6.48658 1.38494
4.63834 3.34526
-1

6.48658 1.38494
4.55279 3.22361
-1

6.48658 1.38494
8 2.5
1.87984

6.49958 1.52059
6.47546 1.65472
0.136276

6.49958 1.52059
6.41603 1.77735
-1

6.49958 1.52059
5.41603 3.27735
-1

6.49958 1.52059
5.31604 3.38745
-1

6.49958 1.52059
5.18809 3.46327
-1

6.49958 1.52059
5.0435 3.4981
-1

6.49958 1.52059
4.89506 3.48886
-1

6.49958 1.52059
4.7559 3.43637
-1

6.49958 1.52059
4.63834 3.34526
-1

6.49958 1.52059
4.55279 3.22361
-1

6.49958 1.52059
8 2.5
1.79179

6.47546 1.65472
6.41603 1.77735
0.136276

6.47546 1.65472
5.41603 3.27735
-1

6.47546 1.65472
5.31604 3.38745
-1

6.47546 1.65472
5.18809 3.46327
-1

6.47546 1.65472
5.0435 3.4981
-1

6.47546 1.65472
4.89506 3.48886
-1

6.47546 1.65472
4.7559 3.43637
-1

6.47546 1.65472
4.63834 3.34526
-1

6.47546 1.65472
4.55279 3.22361
-1

6.47546 1.65472
8 2.5
1.74319

6.41603 1.77735
5.41603 3.27735
1.80278

6.41603 1.77735
5.31604 3.38745
-1

6.41603 1.77735
5.18809 3.46327
-1

6.41603 1.77735
5.0435 3.4981
-1

6.41603 1.77735
4.89506 3.48886
-1

6.41603 1.77735
4.7559 3.43637
-1

6.41603 1.77735
4.63834 3.34526
-1

6.41603 1.77735
4.55279 3.22361
-1

6.41603 1.77735
8 2.5
1.74103

5.41603 3.27735
5.31604 3.38745
0.148728

5.41603 3.27735
5.18809 3.46327
-1

5.41603 3.27735
5.0435 3.4981
-1

5.41603 3.27735
4.89506 3.48886
-1

5.41603 3.27735
4.7559 3.43637
-1

5.41603 3.27735
4.63834 3.34526
-1

5.41603 3.27735
4.55279 3.22361
-1

5.41603 3.27735
8 2.5
2.69837

5.31604 3.38745
5.18809 3.46327
0.148728

5.31604 3.38745
5.0435 3.4981
-1

5.31604 3.38745
4.89506 3.48886
-1

5.31604 3.38745
4.7559 3.43637
-1

5.31604 3.38745
4.63834 3.34526
-1

5.31604 3.38745
4.55279 3.22361
-1

5.31604 3.38745
8 2.5
2.82687

5.18809 3.46327
5.0435 3.4981
0.148728

5.18809 3.46327
4.89506 3.48886
-1

5.18809 3.46327
4.7559 3.43637
-1

5.18809 3.46327
4.63834 3.34526
-1

5.18809 3.46327
4.55279 3.22361
-1

5.18809 3.46327
8 2.5
2.97233

5.0435 3.4981
4.89506 3.48886
0.148728

5.0435 3.4981
4.7559 3.43637
-1

5.0435 3.4981
4.63834 3.34526
-1

5.0435 3.4981
4.55279 3.22361
-1

5.0435 3.4981
8 2.5
-1

4.89506 3.48886
4.7559 3.43637
0.148728

4.89506 3.48886
4.63834 3.34526
-1

4.89506 3.48886
4.55279 3.22361
-1

4.89506 3.48886
8 2.5
-1

4.7559 3.43637
4.63834 3.34526
0.148728

4.7559 3.43637
4.55279 3.22361
-1

4.7559 3.43637
8 2.5
-1

4.63834 3.34526
4.55279 3.22361
0.148728

4.63834 3.34526
8 2.5
-1

4.55279 3.22361
8 2.5
-1

