48
-0.494975 0.0707107
-0.497362 -0.0512963
-0.470123 -0.170248
-0.414881 -0.279058
-0.334927 -0.371247
-0.235022 -0.441321
-0.121118 -0.485109
0 -0.5
2 -0.5
2.07875 -0.493759
2.15554 -0.475192
2.22844 -0.444762
2.29564 -0.40323
2.35547 -0.351631
2.40641 -0.291254
2.44721 -0.223607
3.44721 1.77639
3.46103 1.80648
3.47283 1.83742
3.48255 1.86907
3.49016 1.9013
3.49562 1.93396
3.4989 1.96691
3.5 2
3.5 3
3.49376 3.07875
3.47519 3.15554
3.44476 3.22844
3.40323 3.29564
3.35163 3.35547
3.29125 3.40641
3.22361 3.44721
1.22361 4.44721
1.14068 4.4798
1.05329 4.49715
0.964202 4.49872
0.876253 4.48444
0.792234 4.45479
0.714812 4.41069
0.646447 4.35355
0.146447 3.85355
0.115484 3.8196
0.0877677 3.78296
0.0635331 3.74392
0.0429844 3.70282
0.0262952 3.66001
0.0136065 3.61585
0.00502525 3.57071
